  -9.6831000e-03
  -1.0236000e-02
  -1.0677000e-02
  -1.1033000e-02
  -1.1335000e-02
  -1.1612000e-02
  -1.1894000e-02
  -1.2297000e-02
  -1.2684000e-02
  -1.3147000e-02
  -1.3694000e-02
  -1.4326000e-02
  -1.5031000e-02
  -1.5789000e-02
  -1.6568000e-02
  -1.7330000e-02
  -1.8030000e-02
  -1.8620000e-02
  -1.9060000e-02
  -1.9353000e-02
  -1.9347000e-02
  -1.9128000e-02
  -1.8709000e-02
  -1.8119000e-02
  -1.7397000e-02
  -1.6589000e-02
  -1.5742000e-02
  -1.4901000e-02
  -1.4108000e-02
  -1.3392000e-02
  -1.2775000e-02
  -1.2168000e-02
  -1.1810000e-02
  -1.1567000e-02
  -1.1428000e-02
  -1.1383000e-02
  -1.1419000e-02
  -1.1520000e-02
  -1.1673000e-02
  -1.1864000e-02
  -1.2079000e-02
  -1.2306000e-02
  -1.2532000e-02
  -1.2797000e-02
  -1.2979000e-02
  -1.3123000e-02
  -1.3213000e-02
  -1.3238000e-02
  -1.3179000e-02
  -1.3020000e-02
  -9.6989000e-03
  -1.0248000e-02
  -1.0684000e-02
  -1.1035000e-02
  -1.1330000e-02
  -1.1600000e-02
  -1.1875000e-02
  -1.2269000e-02
  -1.2650000e-02
  -1.3107000e-02
  -1.3650000e-02
  -1.4278000e-02
  -1.4982000e-02
  -1.5740000e-02
  -1.6521000e-02
  -1.7286000e-02
  -1.7989000e-02
  -1.8584000e-02
  -1.9027000e-02
  -1.9323000e-02
  -1.9318000e-02
  -1.9099000e-02
  -1.8678000e-02
  -1.8085000e-02
  -1.7360000e-02
  -1.6549000e-02
  -1.5700000e-02
  -1.4860000e-02
  -1.4067000e-02
  -1.3354000e-02
  -1.2742000e-02
  -1.2141000e-02
  -1.1789000e-02
  -1.1551000e-02
  -1.1418000e-02
  -1.1378000e-02
  -1.1417000e-02
  -1.1522000e-02
  -1.1678000e-02
  -1.1870000e-02
  -1.2087000e-02
  -1.2314000e-02
  -1.2541000e-02
  -1.2806000e-02
  -1.2988000e-02
  -1.3132000e-02
  -1.3223000e-02
  -1.3248000e-02
  -1.3191000e-02
  -1.3035000e-02
  -9.7469000e-03
  -1.0286000e-02
  -1.0708000e-02
  -1.1040000e-02
  -1.1316000e-02
  -1.1566000e-02
  -1.1820000e-02
  -1.2189000e-02
  -1.2551000e-02
  -1.2991000e-02
  -1.3519000e-02
  -1.4137000e-02
  -1.4835000e-02
  -1.5593000e-02
  -1.6378000e-02
  -1.7151000e-02
  -1.7865000e-02
  -1.8471000e-02
  -1.8924000e-02
  -1.9229000e-02
  -1.9226000e-02
  -1.9005000e-02
  -1.8580000e-02
  -1.7980000e-02
  -1.7247000e-02
  -1.6429000e-02
  -1.5576000e-02
  -1.4741000e-02
  -1.3949000e-02
  -1.3244000e-02
  -1.2644000e-02
  -1.2062000e-02
  -1.1727000e-02
  -1.1506000e-02
  -1.1389000e-02
  -1.1363000e-02
  -1.1415000e-02
  -1.1529000e-02
  -1.1692000e-02
  -1.1890000e-02
  -1.2110000e-02
  -1.2339000e-02
  -1.2567000e-02
  -1.2832000e-02
  -1.3015000e-02
  -1.3159000e-02
  -1.3252000e-02
  -1.3280000e-02
  -1.3227000e-02
  -1.3077000e-02
  -9.8290000e-03
  -1.0352000e-02
  -1.0748000e-02
  -1.1052000e-02
  -1.1296000e-02
  -1.1513000e-02
  -1.1735000e-02
  -1.2063000e-02
  -1.2393000e-02
  -1.2805000e-02
  -1.3310000e-02
  -1.3910000e-02
  -1.4598000e-02
  -1.5352000e-02
  -1.6141000e-02
  -1.6923000e-02
  -1.7650000e-02
  -1.8270000e-02
  -1.8737000e-02
  -1.9053000e-02
  -1.9054000e-02
  -1.8833000e-02
  -1.8402000e-02
  -1.7794000e-02
  -1.7052000e-02
  -1.6227000e-02
  -1.5371000e-02
  -1.4537000e-02
  -1.3758000e-02
  -1.3068000e-02
  -1.2489000e-02
  -1.1939000e-02
  -1.1632000e-02
  -1.1439000e-02
  -1.1348000e-02
  -1.1345000e-02
  -1.1416000e-02
  -1.1546000e-02
  -1.1720000e-02
  -1.1926000e-02
  -1.2151000e-02
  -1.2383000e-02
  -1.2611000e-02
  -1.2877000e-02
  -1.3059000e-02
  -1.3204000e-02
  -1.3299000e-02
  -1.3332000e-02
  -1.3287000e-02
  -1.3148000e-02
  -9.9484000e-03
  -1.0446000e-02
  -1.0809000e-02
  -1.1073000e-02
  -1.1276000e-02
  -1.1450000e-02
  -1.1628000e-02
  -1.1901000e-02
  -1.2190000e-02
  -1.2564000e-02
  -1.3036000e-02
  -1.3610000e-02
  -1.4280000e-02
  -1.5026000e-02
  -1.5814000e-02
  -1.6601000e-02
  -1.7335000e-02
  -1.7964000e-02
  -1.8438000e-02
  -1.8762000e-02
  -1.8769000e-02
  -1.8550000e-02
  -1.8121000e-02
  -1.7513000e-02
  -1.6770000e-02
  -1.5944000e-02
  -1.5090000e-02
  -1.4263000e-02
  -1.3502000e-02
  -1.2837000e-02
  -1.2289000e-02
  -1.1785000e-02
  -1.1517000e-02
  -1.1361000e-02
  -1.1305000e-02
  -1.1332000e-02
  -1.1429000e-02
  -1.1578000e-02
  -1.1767000e-02
  -1.1982000e-02
  -1.2213000e-02
  -1.2447000e-02
  -1.2676000e-02
  -1.2940000e-02
  -1.3122000e-02
  -1.3268000e-02
  -1.3366000e-02
  -1.3404000e-02
  -1.3369000e-02
  -1.3245000e-02
  -1.0109000e-02
  -1.0572000e-02
  -1.0892000e-02
  -1.1110000e-02
  -1.1263000e-02
  -1.1386000e-02
  -1.1512000e-02
  -1.1721000e-02
  -1.1960000e-02
  -1.2288000e-02
  -1.2719000e-02
  -1.3260000e-02
  -1.3905000e-02
  -1.4633000e-02
  -1.5408000e-02
  -1.6183000e-02
  -1.6905000e-02
  -1.7521000e-02
  -1.7982000e-02
  -1.8299000e-02
  -1.8311000e-02
  -1.8107000e-02
  -1.7700000e-02
  -1.7114000e-02
  -1.6391000e-02
  -1.5583000e-02
  -1.4747000e-02
  -1.3938000e-02
  -1.3202000e-02
  -1.2572000e-02
  -1.2065000e-02
  -1.1618000e-02
  -1.1397000e-02
  -1.1287000e-02
  -1.1273000e-02
  -1.1337000e-02
  -1.1462000e-02
  -1.1634000e-02
  -1.1839000e-02
  -1.2064000e-02
  -1.2299000e-02
  -1.2535000e-02
  -1.2763000e-02
  -1.3024000e-02
  -1.3204000e-02
  -1.3350000e-02
  -1.3450000e-02
  -1.3496000e-02
  -1.3473000e-02
  -1.3368000e-02
  -1.0313000e-02
  -1.0733000e-02
  -1.1003000e-02
  -1.1167000e-02
  -1.1265000e-02
  -1.1334000e-02
  -1.1404000e-02
  -1.1544000e-02
  -1.1729000e-02
  -1.2007000e-02
  -1.2394000e-02
  -1.2905000e-02
  -1.3517000e-02
  -1.4219000e-02
  -1.4969000e-02
  -1.5707000e-02
  -1.6369000e-02
  -1.6905000e-02
  -1.7296000e-02
  -1.7564000e-02
  -1.7579000e-02
  -1.7417000e-02
  -1.7078000e-02
  -1.6570000e-02
  -1.5792000e-02
  -1.5065000e-02
  -1.4286000e-02
  -1.3600000e-02
  -1.2898000e-02
  -1.2306000e-02
  -1.1845000e-02
  -1.1464000e-02
  -1.1297000e-02
  -1.1238000e-02
  -1.1270000e-02
  -1.1373000e-02
  -1.1529000e-02
  -1.1724000e-02
  -1.1944000e-02
  -1.2177000e-02
  -1.2415000e-02
  -1.2650000e-02
  -1.2874000e-02
  -1.3130000e-02
  -1.3306000e-02
  -1.3449000e-02
  -1.3552000e-02
  -1.3605000e-02
  -1.3597000e-02
  -1.3514000e-02
  -1.0638000e-02
  -1.0987000e-02
  -1.1184000e-02
  -1.1278000e-02
  -1.1308000e-02
  -1.1308000e-02
  -1.1311000e-02
  -1.1396000e-02
  -1.1528000e-02
  -1.1760000e-02
  -1.2109000e-02
  -1.2506000e-02
  -1.3170000e-02
  -1.3879000e-02
  -1.4591000e-02
  -1.5018000e-02
  -1.5727000e-02
  -1.6056000e-02
  -1.5978000e-02
  -1.6007000e-02
  -1.5974000e-02
  -1.5954000e-02
  -1.6141000e-02
  -1.5626000e-02
  -1.5253000e-02
  -1.4673000e-02
  -1.3972000e-02
  -1.3257000e-02
  -1.2643000e-02
  -1.2090000e-02
  -1.1594000e-02
  -1.1355000e-02
  -1.1243000e-02
  -1.1237000e-02
  -1.1315000e-02
  -1.1457000e-02
  -1.1643000e-02
  -1.1858000e-02
  -1.2089000e-02
  -1.2328000e-02
  -1.2565000e-02
  -1.2794000e-02
  -1.3011000e-02
  -1.3293000e-02
  -1.3461000e-02
  -1.3599000e-02
  -1.3703000e-02
  -1.3766000e-02
  -1.3778000e-02
  -1.3728000e-02
  -1.0953000e-02
  -1.1233000e-02
  -1.1367000e-02
  -1.1404000e-02
  -1.1383000e-02
  -1.1336000e-02
  -1.1293000e-02
  -1.1286000e-02
  -1.1397000e-02
  -1.1534000e-02
  -1.1840000e-02
  -1.2290000e-02
  -1.2875000e-02
  -1.3498000e-02
  -1.4148000e-02
  -1.4587000e-02
  -1.4745000e-02
  -1.4628000e-02
  -1.4281000e-02
  -1.3924000e-02
  -1.3707000e-02
  -1.4187000e-02
  -1.4433000e-02
  -1.4894000e-02
  -1.4692000e-02
  -1.4415000e-02
  -1.3830000e-02
  -1.3164000e-02
  -1.2380000e-02
  -1.1881000e-02
  -1.1531000e-02
  -1.1331000e-02
  -1.1267000e-02
  -1.1309000e-02
  -1.1429000e-02
  -1.1604000e-02
  -1.1814000e-02
  -1.2044000e-02
  -1.2282000e-02
  -1.2520000e-02
  -1.2751000e-02
  -1.3073000e-02
  -1.3270000e-02
  -1.3448000e-02
  -1.3605000e-02
  -1.3737000e-02
  -1.3840000e-02
  -1.3910000e-02
  -1.3939000e-02
  -1.3919000e-02
  -1.1316000e-02
  -1.1515000e-02
  -1.1584000e-02
  -1.1569000e-02
  -1.1504000e-02
  -1.1419000e-02
  -1.1343000e-02
  -1.1309000e-02
  -1.1358000e-02
  -1.1514000e-02
  -1.1837000e-02
  -1.2319000e-02
  -1.3018000e-02
  -1.3878000e-02
  -1.4403000e-02
  -1.4438000e-02
  -1.3844000e-02
  -1.2804000e-02
  -1.1342000e-02
  -1.0637000e-02
  -9.6231000e-03
  -1.0863000e-02
  -1.2820000e-02
  -1.3524000e-02
  -1.4387000e-02
  -1.4346000e-02
  -1.4061000e-02
  -1.3393000e-02
  -1.2492000e-02
  -1.1969000e-02
  -1.1617000e-02
  -1.1437000e-02
  -1.1405000e-02
  -1.1482000e-02
  -1.1634000e-02
  -1.1831000e-02
  -1.2055000e-02
  -1.2291000e-02
  -1.2528000e-02
  -1.2757000e-02
  -1.3090000e-02
  -1.3284000e-02
  -1.3463000e-02
  -1.3624000e-02
  -1.3766000e-02
  -1.3889000e-02
  -1.3990000e-02
  -1.4066000e-02
  -1.4113000e-02
  -1.4124000e-02
  -1.1724000e-02
  -1.1831000e-02
  -1.1835000e-02
  -1.1774000e-02
  -1.1676000e-02
  -1.1567000e-02
  -1.1474000e-02
  -1.1434000e-02
  -1.1483000e-02
  -1.1658000e-02
  -1.2112000e-02
  -1.2845000e-02
  -1.3670000e-02
  -1.4811000e-02
  -1.5476000e-02
  -1.5343000e-02
  -1.3649000e-02
  -1.1015000e-02
  -5.0966000e-03
  -5.1051000e-03
  -5.1072000e-03
  -5.1115000e-03
  -5.0836000e-03
  -1.2683000e-02
  -1.4581000e-02
  -1.5189000e-02
  -1.4840000e-02
  -1.4176000e-02
  -1.2959000e-02
  -1.2319000e-02
  -1.1900000e-02
  -1.1703000e-02
  -1.1681000e-02
  -1.1778000e-02
  -1.1950000e-02
  -1.2154000e-02
  -1.2376000e-02
  -1.2605000e-02
  -1.2827000e-02
  -1.3168000e-02
  -1.3354000e-02
  -1.3524000e-02
  -1.3678000e-02
  -1.3817000e-02
  -1.3942000e-02
  -1.4053000e-02
  -1.4149000e-02
  -1.4231000e-02
  -1.4295000e-02
  -1.4340000e-02
  -1.2168000e-02
  -1.2175000e-02
  -1.2115000e-02
  -1.2016000e-02
  -1.1897000e-02
  -1.1778000e-02
  -1.1685000e-02
  -1.1663000e-02
  -1.1721000e-02
  -1.1996000e-02
  -1.2733000e-02
  -1.3738000e-02
  -1.4975000e-02
  -1.7106000e-02
  -1.7948000e-02
  -4.9081000e-03
  -4.9471000e-03
  -4.9679000e-03
  -5.0185000e-03
  -5.0229000e-03
  -5.0326000e-03
  -5.0434000e-03
  -5.0181000e-03
  -5.0122000e-03
  -4.9793000e-03
  -1.7792000e-02
  -1.7071000e-02
  -1.5905000e-02
  -1.4505000e-02
  -1.2963000e-02
  -1.2392000e-02
  -1.2134000e-02
  -1.2097000e-02
  -1.2195000e-02
  -1.2370000e-02
  -1.2575000e-02
  -1.2782000e-02
  -1.2986000e-02
  -1.3181000e-02
  -1.3494000e-02
  -1.3649000e-02
  -1.3788000e-02
  -1.3913000e-02
  -1.4026000e-02
  -1.4129000e-02
  -1.4225000e-02
  -1.4315000e-02
  -1.4401000e-02
  -1.4483000e-02
  -1.4561000e-02
  -1.2638000e-02
  -1.2539000e-02
  -1.2417000e-02
  -1.2288000e-02
  -1.2159000e-02
  -1.2042000e-02
  -1.1959000e-02
  -1.1966000e-02
  -1.2116000e-02
  -1.2442000e-02
  -1.3514000e-02
  -1.4880000e-02
  -1.6965000e-02
  -2.0794000e-02
  -4.7825000e-03
  -4.8062000e-03
  -4.8472000e-03
  -4.9017000e-03
  -4.9329000e-03
  -4.9459000e-03
  -4.9575000e-03
  -4.9527000e-03
  -4.9520000e-03
  -4.9463000e-03
  -4.9309000e-03
  -4.9022000e-03
  -4.8731000e-03
  -1.8298000e-02
  -1.6078000e-02
  -1.3858000e-02
  -1.3048000e-02
  -1.2692000e-02
  -1.2623000e-02
  -1.2710000e-02
  -1.2878000e-02
  -1.3070000e-02
  -1.3260000e-02
  -1.3431000e-02
  -1.3722000e-02
  -1.3851000e-02
  -1.3968000e-02
  -1.4070000e-02
  -1.4161000e-02
  -1.4244000e-02
  -1.4323000e-02
  -1.4402000e-02
  -1.4484000e-02
  -1.4573000e-02
  -1.4671000e-02
  -1.4784000e-02
  -1.3119000e-02
  -1.2910000e-02
  -1.2731000e-02
  -1.2579000e-02
  -1.2449000e-02
  -1.2341000e-02
  -1.2267000e-02
  -1.2290000e-02
  -1.2421000e-02
  -1.2990000e-02
  -1.4105000e-02
  -1.6217000e-02
  -2.0024000e-02
  -4.5974000e-03
  -4.6778000e-03
  -4.7090000e-03
  -4.7571000e-03
  -4.8105000e-03
  -4.8433000e-03
  -4.8617000e-03
  -4.8805000e-03
  -4.8958000e-03
  -4.8850000e-03
  -4.8832000e-03
  -4.8657000e-03
  -4.8608000e-03
  -4.8315000e-03
  -4.8003000e-03
  -1.8066000e-02
  -1.5346000e-02
  -1.4010000e-02
  -1.3478000e-02
  -1.3202000e-02
  -1.3286000e-02
  -1.3445000e-02
  -1.3619000e-02
  -1.3781000e-02
  -1.3911000e-02
  -1.4144000e-02
  -1.4225000e-02
  -1.4298000e-02
  -1.4359000e-02
  -1.4413000e-02
  -1.4465000e-02
  -1.4519000e-02
  -1.4579000e-02
  -1.4652000e-02
  -1.4742000e-02
  -1.4857000e-02
  -1.5002000e-02
  -1.3592000e-02
  -1.3275000e-02
  -1.3044000e-02
  -1.2875000e-02
  -1.2747000e-02
  -1.2646000e-02
  -1.2575000e-02
  -1.2524000e-02
  -1.2750000e-02
  -1.3239000e-02
  -1.4211000e-02
  -1.7040000e-02
  -4.4386000e-03
  -4.5081000e-03
  -4.5609000e-03
  -4.6211000e-03
  -4.6766000e-03
  -4.7128000e-03
  -4.7577000e-03
  -4.7814000e-03
  -4.7998000e-03
  -4.8206000e-03
  -4.8236000e-03
  -4.8231000e-03
  -4.8168000e-03
  -4.7992000e-03
  -4.7864000e-03
  -4.7653000e-03
  -1.9151000e-02
  -1.5401000e-02
  -1.4311000e-02
  -1.3925000e-02
  -1.3887000e-02
  -1.3984000e-02
  -1.4029000e-02
  -1.4191000e-02
  -1.4317000e-02
  -1.4402000e-02
  -1.4569000e-02
  -1.4601000e-02
  -1.4628000e-02
  -1.4647000e-02
  -1.4663000e-02
  -1.4682000e-02
  -1.4709000e-02
  -1.4751000e-02
  -1.4814000e-02
  -1.4906000e-02
  -1.5035000e-02
  -1.5211000e-02
  -1.4038000e-02
  -1.3619000e-02
  -1.3342000e-02
  -1.3160000e-02
  -1.3032000e-02
  -1.2931000e-02
  -1.2841000e-02
  -1.2775000e-02
  -1.2728000e-02
  -1.2873000e-02
  -1.3410000e-02
  -4.2968000e-03
  -4.3644000e-03
  -4.4167000e-03
  -4.4947000e-03
  -4.5488000e-03
  -4.5994000e-03
  -4.6349000e-03
  -4.6862000e-03
  -4.7081000e-03
  -4.7299000e-03
  -4.7608000e-03
  -4.7614000e-03
  -4.7690000e-03
  -4.7623000e-03
  -4.7569000e-03
  -4.7445000e-03
  -4.7260000e-03
  -4.7077000e-03
  -1.5062000e-02
  -1.4341000e-02
  -1.4170000e-02
  -1.4359000e-02
  -1.4554000e-02
  -1.4635000e-02
  -1.4759000e-02
  -1.4842000e-02
  -1.4875000e-02
  -1.5076000e-02
  -1.5052000e-02
  -1.4941000e-02
  -1.4918000e-02
  -1.4898000e-02
  -1.4886000e-02
  -1.4889000e-02
  -1.4913000e-02
  -1.4967000e-02
  -1.5059000e-02
  -1.5201000e-02
  -1.5406000e-02
  -1.4437000e-02
  -1.3929000e-02
  -1.3611000e-02
  -1.3416000e-02
  -1.3285000e-02
  -1.3170000e-02
  -1.3031000e-02
  -1.2759000e-02
  -1.2511000e-02
  -1.2015000e-02
  -1.1723000e-02
  -4.2096000e-03
  -4.2658000e-03
  -4.3508000e-03
  -4.4002000e-03
  -4.4621000e-03
  -4.5164000e-03
  -4.5728000e-03
  -4.6107000e-03
  -4.6515000e-03
  -4.6745000e-03
  -4.7023000e-03
  -4.7039000e-03
  -4.7127000e-03
  -4.7191000e-03
  -4.7142000e-03
  -4.7086000e-03
  -4.6917000e-03
  -4.6758000e-03
  -1.3392000e-02
  -1.3577000e-02
  -1.4170000e-02
  -1.4581000e-02
  -1.4911000e-02
  -1.5228000e-02
  -1.5288000e-02
  -1.5320000e-02
  -1.5492000e-02
  -1.5437000e-02
  -1.5375000e-02
  -1.5306000e-02
  -1.5162000e-02
  -1.5109000e-02
  -1.5069000e-02
  -1.5050000e-02
  -1.5059000e-02
  -1.5105000e-02
  -1.5198000e-02
  -1.5351000e-02
  -1.5582000e-02
  -1.4772000e-02
  -1.4191000e-02
  -1.3839000e-02
  -1.3630000e-02
  -1.3491000e-02
  -1.3351000e-02
  -1.3138000e-02
  -1.2760000e-02
  -1.2075000e-02
  -1.1050000e-02
  -4.0793000e-03
  -4.1375000e-03
  -4.2146000e-03
  -4.2617000e-03
  -4.3396000e-03
  -4.3992000e-03
  -4.4660000e-03
  -4.5085000e-03
  -4.5443000e-03
  -4.5839000e-03
  -4.6236000e-03
  -4.6487000e-03
  -4.6569000e-03
  -4.6771000e-03
  -4.6753000e-03
  -4.6741000e-03
  -4.6670000e-03
  -4.6636000e-03
  -4.6492000e-03
  -4.6360000e-03
  -1.2058000e-02
  -1.3747000e-02
  -1.4538000e-02
  -1.5286000e-02
  -1.5620000e-02
  -1.5722000e-02
  -1.5720000e-02
  -1.5807000e-02
  -1.5730000e-02
  -1.5636000e-02
  -1.5535000e-02
  -1.5435000e-02
  -1.5286000e-02
  -1.5224000e-02
  -1.5188000e-02
  -1.5185000e-02
  -1.5225000e-02
  -1.5320000e-02
  -1.5483000e-02
  -1.5735000e-02
  -1.5029000e-02
  -1.4394000e-02
  -1.4016000e-02
  -1.3794000e-02
  -1.3641000e-02
  -1.3471000e-02
  -1.3184000e-02
  -1.2416000e-02
  -1.1310000e-02
  -9.2358000e-03
  -4.0146000e-03
  -4.0779000e-03
  -4.1486000e-03
  -4.2200000e-03
  -4.2910000e-03
  -4.3554000e-03
  -4.4237000e-03
  -4.4529000e-03
  -4.5003000e-03
  -4.5338000e-03
  -4.5768000e-03
  -4.5924000e-03
  -4.6197000e-03
  -4.6293000e-03
  -4.6371000e-03
  -4.6411000e-03
  -4.6396000e-03
  -4.6318000e-03
  -4.6281000e-03
  -4.6116000e-03
  -1.0724000e-02
  -1.3251000e-02
  -1.4686000e-02
  -1.5342000e-02
  -1.5837000e-02
  -1.6026000e-02
  -1.6047000e-02
  -1.6030000e-02
  -1.5936000e-02
  -1.5821000e-02
  -1.5698000e-02
  -1.5579000e-02
  -1.5474000e-02
  -1.5345000e-02
  -1.5297000e-02
  -1.5287000e-02
  -1.5324000e-02
  -1.5421000e-02
  -1.5593000e-02
  -1.5861000e-02
  -1.5227000e-02
  -1.4558000e-02
  -1.4158000e-02
  -1.3920000e-02
  -1.3749000e-02
  -1.3545000e-02
  -1.3190000e-02
  -1.2295000e-02
  -1.1034000e-02
  -8.4856000e-03
  -3.9890000e-03
  -4.0547000e-03
  -4.1199000e-03
  -4.1851000e-03
  -4.2540000e-03
  -4.3104000e-03
  -4.3740000e-03
  -4.4183000e-03
  -4.4651000e-03
  -4.5026000e-03
  -4.5364000e-03
  -4.5587000e-03
  -4.5794000e-03
  -4.5986000e-03
  -4.6111000e-03
  -4.6149000e-03
  -4.6164000e-03
  -4.6132000e-03
  -4.6095000e-03
  -4.6030000e-03
  -9.4463000e-03
  -1.2867000e-02
  -1.4612000e-02
  -1.5536000e-02
  -1.5971000e-02
  -1.6157000e-02
  -1.6191000e-02
  -1.6141000e-02
  -1.6041000e-02
  -1.5917000e-02
  -1.5786000e-02
  -1.5661000e-02
  -1.5550000e-02
  -1.5441000e-02
  -1.5389000e-02
  -1.5378000e-02
  -1.5416000e-02
  -1.5517000e-02
  -1.5698000e-02
  -1.5980000e-02
  -1.5277000e-02
  -1.4609000e-02
  -1.4204000e-02
  -1.3954000e-02
  -1.3768000e-02
  -1.3549000e-02
  -1.3181000e-02
  -1.2272000e-02
  -1.0997000e-02
  -8.3205000e-03
  -3.9881000e-03
  -4.0497000e-03
  -4.1117000e-03
  -4.1770000e-03
  -4.2333000e-03
  -4.2964000e-03
  -4.3490000e-03
  -4.3983000e-03
  -4.4414000e-03
  -4.4756000e-03
  -4.5037000e-03
  -4.5406000e-03
  -4.5600000e-03
  -4.5761000e-03
  -4.5880000e-03
  -4.5948000e-03
  -4.5993000e-03
  -4.5996000e-03
  -4.5971000e-03
  -4.5921000e-03
  -9.6422000e-03
  -1.2451000e-02
  -1.4584000e-02
  -1.5450000e-02
  -1.5928000e-02
  -1.6142000e-02
  -1.6177000e-02
  -1.6128000e-02
  -1.6037000e-02
  -1.5921000e-02
  -1.5797000e-02
  -1.5678000e-02
  -1.5572000e-02
  -1.5470000e-02
  -1.5424000e-02
  -1.5417000e-02
  -1.5461000e-02
  -1.5568000e-02
  -1.5754000e-02
  -1.6041000e-02
  -1.5236000e-02
  -1.4594000e-02
  -1.4191000e-02
  -1.3932000e-02
  -1.3733000e-02
  -1.3510000e-02
  -1.3164000e-02
  -1.2547000e-02
  -1.1159000e-02
  -9.4427000e-03
  -4.0017000e-03
  -4.0611000e-03
  -4.1149000e-03
  -4.1780000e-03
  -4.2372000e-03
  -4.2944000e-03
  -4.3433000e-03
  -4.3858000e-03
  -4.4245000e-03
  -4.4670000e-03
  -4.4943000e-03
  -4.5243000e-03
  -4.5463000e-03
  -4.5644000e-03
  -4.5764000e-03
  -4.5843000e-03
  -4.5900000e-03
  -4.5919000e-03
  -4.5921000e-03
  -4.5893000e-03
  -1.0367000e-02
  -1.3148000e-02
  -1.4509000e-02
  -1.5304000e-02
  -1.5800000e-02
  -1.5981000e-02
  -1.6025000e-02
  -1.5997000e-02
  -1.5928000e-02
  -1.5834000e-02
  -1.5731000e-02
  -1.5630000e-02
  -1.5541000e-02
  -1.5458000e-02
  -1.5424000e-02
  -1.5429000e-02
  -1.5481000e-02
  -1.5594000e-02
  -1.5784000e-02
  -1.6071000e-02
  -1.5112000e-02
  -1.4518000e-02
  -1.4127000e-02
  -1.3859000e-02
  -1.3647000e-02
  -1.3425000e-02
  -1.3024000e-02
  -1.2569000e-02
  -1.1822000e-02
  -1.0640000e-02
  -8.8646000e-03
  -4.1023000e-03
  -4.1574000e-03
  -4.2123000e-03
  -4.2498000e-03
  -4.3073000e-03
  -4.3395000e-03
  -4.3964000e-03
  -4.4278000e-03
  -4.4692000e-03
  -4.4943000e-03
  -4.5162000e-03
  -4.5409000e-03
  -4.5553000e-03
  -4.5707000e-03
  -4.5811000e-03
  -4.5883000e-03
  -4.5917000e-03
  -4.5946000e-03
  -4.5942000e-03
  -1.1941000e-02
  -1.3220000e-02
  -1.4493000e-02
  -1.5095000e-02
  -1.5506000e-02
  -1.5695000e-02
  -1.5761000e-02
  -1.5760000e-02
  -1.5725000e-02
  -1.5666000e-02
  -1.5595000e-02
  -1.5524000e-02
  -1.5462000e-02
  -1.5408000e-02
  -1.5393000e-02
  -1.5413000e-02
  -1.5478000e-02
  -1.5599000e-02
  -1.5791000e-02
  -1.6072000e-02
  -1.4918000e-02
  -1.4390000e-02
  -1.4019000e-02
  -1.3744000e-02
  -1.3517000e-02
  -1.3293000e-02
  -1.2959000e-02
  -1.2709000e-02
  -1.2170000e-02
  -1.1720000e-02
  -1.1403000e-02
  -4.1532000e-03
  -4.1969000e-03
  -4.2400000e-03
  -4.2868000e-03
  -4.3251000e-03
  -4.3698000e-03
  -4.3997000e-03
  -4.4441000e-03
  -4.4753000e-03
  -4.4998000e-03
  -4.5189000e-03
  -4.5418000e-03
  -4.5602000e-03
  -4.5759000e-03
  -4.5861000e-03
  -4.5948000e-03
  -4.6012000e-03
  -4.6058000e-03
  -1.2897000e-02
  -1.3258000e-02
  -1.3790000e-02
  -1.4246000e-02
  -1.4821000e-02
  -1.5038000e-02
  -1.5308000e-02
  -1.5408000e-02
  -1.5440000e-02
  -1.5444000e-02
  -1.5430000e-02
  -1.5402000e-02
  -1.5370000e-02
  -1.5342000e-02
  -1.5324000e-02
  -1.5335000e-02
  -1.5375000e-02
  -1.5454000e-02
  -1.5583000e-02
  -1.5775000e-02
  -1.6047000e-02
  -1.4671000e-02
  -1.4224000e-02
  -1.3878000e-02
  -1.3597000e-02
  -1.3353000e-02
  -1.3122000e-02
  -1.2845000e-02
  -1.2650000e-02
  -1.2505000e-02
  -1.2549000e-02
  -1.3200000e-02
  -4.2350000e-03
  -4.2607000e-03
  -4.3008000e-03
  -4.3271000e-03
  -4.3712000e-03
  -4.4096000e-03
  -4.4300000e-03
  -4.4610000e-03
  -4.4888000e-03
  -4.5176000e-03
  -4.5324000e-03
  -4.5528000e-03
  -4.5741000e-03
  -4.5875000e-03
  -4.6001000e-03
  -4.6102000e-03
  -4.6171000e-03
  -4.6253000e-03
  -1.4683000e-02
  -1.4009000e-02
  -1.3861000e-02
  -1.4056000e-02
  -1.4310000e-02
  -1.4548000e-02
  -1.4731000e-02
  -1.4992000e-02
  -1.5062000e-02
  -1.5111000e-02
  -1.5145000e-02
  -1.5165000e-02
  -1.5178000e-02
  -1.5190000e-02
  -1.5215000e-02
  -1.5254000e-02
  -1.5316000e-02
  -1.5412000e-02
  -1.5549000e-02
  -1.5740000e-02
  -1.5999000e-02
  -1.4391000e-02
  -1.4033000e-02
  -1.3719000e-02
  -1.3435000e-02
  -1.3171000e-02
  -1.2923000e-02
  -1.2662000e-02
  -1.2529000e-02
  -1.2535000e-02
  -1.2868000e-02
  -1.3968000e-02
  -1.6270000e-02
  -4.3450000e-03
  -4.3748000e-03
  -4.3958000e-03
  -4.4286000e-03
  -4.4487000e-03
  -4.4739000e-03
  -4.4908000e-03
  -4.5197000e-03
  -4.5375000e-03
  -4.5598000e-03
  -4.5767000e-03
  -4.5936000e-03
  -4.6038000e-03
  -4.6249000e-03
  -4.6293000e-03
  -4.6403000e-03
  -1.8517000e-02
  -1.5473000e-02
  -1.4112000e-02
  -1.3603000e-02
  -1.3613000e-02
  -1.3796000e-02
  -1.4024000e-02
  -1.4233000e-02
  -1.4544000e-02
  -1.4652000e-02
  -1.4749000e-02
  -1.4832000e-02
  -1.4904000e-02
  -1.4963000e-02
  -1.5017000e-02
  -1.5089000e-02
  -1.5157000e-02
  -1.5244000e-02
  -1.5356000e-02
  -1.5501000e-02
  -1.5689000e-02
  -1.5931000e-02
  -1.4098000e-02
  -1.3833000e-02
  -1.3555000e-02
  -1.3272000e-02
  -1.2990000e-02
  -1.2717000e-02
  -1.2443000e-02
  -1.2321000e-02
  -1.2361000e-02
  -1.2725000e-02
  -1.3739000e-02
  -1.6156000e-02
  -1.9409000e-02
  -4.4545000e-03
  -4.4649000e-03
  -4.4888000e-03
  -4.5020000e-03
  -4.5190000e-03
  -4.5404000e-03
  -4.5571000e-03
  -4.5751000e-03
  -4.5926000e-03
  -4.6096000e-03
  -4.6275000e-03
  -4.6393000e-03
  -4.6466000e-03
  -4.6602000e-03
  -4.6682000e-03
  -1.7103000e-02
  -1.4633000e-02
  -1.3578000e-02
  -1.3161000e-02
  -1.3116000e-02
  -1.3267000e-02
  -1.3495000e-02
  -1.3732000e-02
  -1.3937000e-02
  -1.4246000e-02
  -1.4383000e-02
  -1.4513000e-02
  -1.4634000e-02
  -1.4739000e-02
  -1.4835000e-02
  -1.4952000e-02
  -1.5051000e-02
  -1.5161000e-02
  -1.5289000e-02
  -1.5442000e-02
  -1.5625000e-02
  -1.5847000e-02
  -1.3811000e-02
  -1.3637000e-02
  -1.3400000e-02
  -1.3123000e-02
  -1.2828000e-02
  -1.2535000e-02
  -1.2229000e-02
  -1.2085000e-02
  -1.2106000e-02
  -1.2427000e-02
  -1.3268000e-02
  -1.4800000e-02
  -1.6833000e-02
  -4.5399000e-03
  -4.5466000e-03
  -4.5636000e-03
  -4.5724000e-03
  -4.5816000e-03
  -4.5856000e-03
  -4.6029000e-03
  -4.6201000e-03
  -4.6292000e-03
  -4.6509000e-03
  -4.6586000e-03
  -4.6752000e-03
  -4.6834000e-03
  -4.6896000e-03
  -1.7621000e-02
  -1.5239000e-02
  -1.3768000e-02
  -1.2954000e-02
  -1.2623000e-02
  -1.2603000e-02
  -1.2759000e-02
  -1.2999000e-02
  -1.3265000e-02
  -1.3506000e-02
  -1.3856000e-02
  -1.4033000e-02
  -1.4207000e-02
  -1.4372000e-02
  -1.4520000e-02
  -1.4655000e-02
  -1.4815000e-02
  -1.4942000e-02
  -1.5074000e-02
  -1.5217000e-02
  -1.5375000e-02
  -1.5553000e-02
  -1.5753000e-02
  -1.3549000e-02
  -1.3461000e-02
  -1.3266000e-02
  -1.3003000e-02
  -1.2705000e-02
  -1.2398000e-02
  -1.2060000e-02
  -1.1880000e-02
  -1.1844000e-02
  -1.1890000e-02
  -1.2306000e-02
  -1.3608000e-02
  -1.4984000e-02
  -1.5926000e-02
  -1.6595000e-02
  -4.6544000e-03
  -4.6516000e-03
  -4.6470000e-03
  -4.6582000e-03
  -4.6575000e-03
  -4.6692000e-03
  -4.6880000e-03
  -4.6996000e-03
  -4.7073000e-03
  -4.7228000e-03
  -1.7677000e-02
  -1.6491000e-02
  -1.4990000e-02
  -1.3830000e-02
  -1.2893000e-02
  -1.2348000e-02
  -1.2132000e-02
  -1.2155000e-02
  -1.2327000e-02
  -1.2578000e-02
  -1.2860000e-02
  -1.3127000e-02
  -1.3504000e-02
  -1.3718000e-02
  -1.3931000e-02
  -1.4133000e-02
  -1.4317000e-02
  -1.4487000e-02
  -1.4684000e-02
  -1.4836000e-02
  -1.4988000e-02
  -1.5143000e-02
  -1.5305000e-02
  -1.5474000e-02
  -1.5653000e-02
  -1.3324000e-02
  -1.3312000e-02
  -1.3161000e-02
  -1.2920000e-02
  -1.2630000e-02
  -1.2322000e-02
  -1.2030000e-02
  -1.1757000e-02
  -1.1653000e-02
  -1.1679000e-02
  -1.1926000e-02
  -1.2418000e-02
  -1.3482000e-02
  -1.4014000e-02
  -1.4532000e-02
  -1.3962000e-02
  -1.2154000e-02
  -4.7219000e-03
  -4.7217000e-03
  -4.7339000e-03
  -4.7256000e-03
  -4.7277000e-03
  -4.7558000e-03
  -1.1663000e-02
  -1.4306000e-02
  -1.4820000e-02
  -1.4340000e-02
  -1.3875000e-02
  -1.2805000e-02
  -1.2231000e-02
  -1.1882000e-02
  -1.1762000e-02
  -1.1821000e-02
  -1.2003000e-02
  -1.2259000e-02
  -1.2544000e-02
  -1.2821000e-02
  -1.3207000e-02
  -1.3452000e-02
  -1.3697000e-02
  -1.3929000e-02
  -1.4141000e-02
  -1.4338000e-02
  -1.4567000e-02
  -1.4739000e-02
  -1.4907000e-02
  -1.5071000e-02
  -1.5234000e-02
  -1.5394000e-02
  -1.5551000e-02
  -1.3148000e-02
  -1.3199000e-02
  -1.3092000e-02
  -1.2882000e-02
  -1.2610000e-02
  -1.2314000e-02
  -1.2029000e-02
  -1.1744000e-02
  -1.1653000e-02
  -1.1629000e-02
  -1.1775000e-02
  -1.2100000e-02
  -1.2754000e-02
  -1.3220000e-02
  -1.3400000e-02
  -1.3371000e-02
  -1.2599000e-02
  -1.1024000e-02
  -9.2280000e-03
  -8.5065000e-03
  -8.1566000e-03
  -9.5331000e-03
  -1.0537000e-02
  -1.2303000e-02
  -1.3263000e-02
  -1.3631000e-02
  -1.3341000e-02
  -1.2835000e-02
  -1.2262000e-02
  -1.1872000e-02
  -1.1630000e-02
  -1.1556000e-02
  -1.1628000e-02
  -1.1806000e-02
  -1.2053000e-02
  -1.2327000e-02
  -1.2602000e-02
  -1.2982000e-02
  -1.3249000e-02
  -1.3516000e-02
  -1.3766000e-02
  -1.3999000e-02
  -1.4215000e-02
  -1.4467000e-02
  -1.4655000e-02
  -1.4833000e-02
  -1.5004000e-02
  -1.5165000e-02
  -1.5316000e-02
  -1.5451000e-02
  -1.3005000e-02
  -1.3118000e-02
  -1.3063000e-02
  -1.2896000e-02
  -1.2663000e-02
  -1.2401000e-02
  -1.2146000e-02
  -1.1929000e-02
  -1.1782000e-02
  -1.1743000e-02
  -1.1843000e-02
  -1.2090000e-02
  -1.2454000e-02
  -1.2951000e-02
  -1.3293000e-02
  -1.3405000e-02
  -1.3193000e-02
  -1.2454000e-02
  -1.2288000e-02
  -1.1726000e-02
  -1.1963000e-02
  -1.1850000e-02
  -1.2825000e-02
  -1.3022000e-02
  -1.3417000e-02
  -1.3334000e-02
  -1.3070000e-02
  -1.2648000e-02
  -1.2121000e-02
  -1.1791000e-02
  -1.1588000e-02
  -1.1522000e-02
  -1.1582000e-02
  -1.1738000e-02
  -1.1960000e-02
  -1.2213000e-02
  -1.2478000e-02
  -1.2840000e-02
  -1.3118000e-02
  -1.3391000e-02
  -1.3650000e-02
  -1.3894000e-02
  -1.4123000e-02
  -1.4373000e-02
  -1.4572000e-02
  -1.4758000e-02
  -1.4931000e-02
  -1.5087000e-02
  -1.5224000e-02
  -1.5334000e-02
  -1.2952000e-02
  -1.3099000e-02
  -1.3082000e-02
  -1.2954000e-02
  -1.2759000e-02
  -1.2535000e-02
  -1.2316000e-02
  -1.2134000e-02
  -1.2016000e-02
  -1.1989000e-02
  -1.2079000e-02
  -1.2299000e-02
  -1.2631000e-02
  -1.3041000e-02
  -1.3471000e-02
  -1.3795000e-02
  -1.4020000e-02
  -1.4104000e-02
  -1.3813000e-02
  -1.3764000e-02
  -1.3712000e-02
  -1.4077000e-02
  -1.3895000e-02
  -1.4064000e-02
  -1.3794000e-02
  -1.3622000e-02
  -1.3185000e-02
  -1.2727000e-02
  -1.2197000e-02
  -1.1934000e-02
  -1.1725000e-02
  -1.1641000e-02
  -1.1670000e-02
  -1.1791000e-02
  -1.1978000e-02
  -1.2204000e-02
  -1.2452000e-02
  -1.2781000e-02
  -1.3055000e-02
  -1.3324000e-02
  -1.3583000e-02
  -1.3829000e-02
  -1.4109000e-02
  -1.4324000e-02
  -1.4526000e-02
  -1.4712000e-02
  -1.4883000e-02
  -1.5033000e-02
  -1.5159000e-02
  -1.5251000e-02
  -1.2954000e-02
  -1.3122000e-02
  -1.3137000e-02
  -1.3047000e-02
  -1.2894000e-02
  -1.2714000e-02
  -1.2539000e-02
  -1.2400000e-02
  -1.2321000e-02
  -1.2324000e-02
  -1.2425000e-02
  -1.2644000e-02
  -1.2970000e-02
  -1.3377000e-02
  -1.3837000e-02
  -1.4334000e-02
  -1.4563000e-02
  -1.4826000e-02
  -1.4971000e-02
  -1.5153000e-02
  -1.5202000e-02
  -1.4980000e-02
  -1.5017000e-02
  -1.4646000e-02
  -1.4452000e-02
  -1.3979000e-02
  -1.3492000e-02
  -1.3013000e-02
  -1.2478000e-02
  -1.2145000e-02
  -1.2003000e-02
  -1.1884000e-02
  -1.1872000e-02
  -1.1951000e-02
  -1.2098000e-02
  -1.2291000e-02
  -1.2549000e-02
  -1.2798000e-02
  -1.3055000e-02
  -1.3312000e-02
  -1.3563000e-02
  -1.3863000e-02
  -1.4087000e-02
  -1.4300000e-02
  -1.4498000e-02
  -1.4681000e-02
  -1.4845000e-02
  -1.4988000e-02
  -1.5102000e-02
  -1.5178000e-02
  -1.3005000e-02
  -1.3183000e-02
  -1.3223000e-02
  -1.3169000e-02
  -1.3059000e-02
  -1.2926000e-02
  -1.2800000e-02
  -1.2706000e-02
  -1.2670000e-02
  -1.2708000e-02
  -1.2833000e-02
  -1.3061000e-02
  -1.3388000e-02
  -1.3789000e-02
  -1.4251000e-02
  -1.4765000e-02
  -1.5245000e-02
  -1.5466000e-02
  -1.5792000e-02
  -1.5912000e-02
  -1.5823000e-02
  -1.5851000e-02
  -1.5535000e-02
  -1.5128000e-02
  -1.4870000e-02
  -1.4374000e-02
  -1.3875000e-02
  -1.3277000e-02
  -1.2856000e-02
  -1.2514000e-02
  -1.2366000e-02
  -1.2217000e-02
  -1.2163000e-02
  -1.2198000e-02
  -1.2303000e-02
  -1.2457000e-02
  -1.2657000e-02
  -1.2880000e-02
  -1.3113000e-02
  -1.3351000e-02
  -1.3657000e-02
  -1.3880000e-02
  -1.4095000e-02
  -1.4298000e-02
  -1.4489000e-02
  -1.4664000e-02
  -1.4819000e-02
  -1.4952000e-02
  -1.5054000e-02
  -1.5117000e-02
  -1.3101000e-02
  -1.3278000e-02
  -1.3337000e-02
  -1.3316000e-02
  -1.3247000e-02
  -1.3160000e-02
  -1.3081000e-02
  -1.3035000e-02
  -1.3040000e-02
  -1.3114000e-02
  -1.3267000e-02
  -1.3503000e-02
  -1.3828000e-02
  -1.4224000e-02
  -1.4668000e-02
  -1.5159000e-02
  -1.5608000e-02
  -1.5990000e-02
  -1.6186000e-02
  -1.6330000e-02
  -1.6399000e-02
  -1.6230000e-02
  -1.5931000e-02
  -1.5693000e-02
  -1.5245000e-02
  -1.4763000e-02
  -1.4274000e-02
  -1.3690000e-02
  -1.3275000e-02
  -1.2929000e-02
  -1.2774000e-02
  -1.2600000e-02
  -1.2513000e-02
  -1.2508000e-02
  -1.2572000e-02
  -1.2685000e-02
  -1.2824000e-02
  -1.3014000e-02
  -1.3220000e-02
  -1.3513000e-02
  -1.3722000e-02
  -1.3929000e-02
  -1.4128000e-02
  -1.4318000e-02
  -1.4497000e-02
  -1.4660000e-02
  -1.4805000e-02
  -1.4926000e-02
  -1.5017000e-02
  -1.5068000e-02
  -1.3235000e-02
  -1.3401000e-02
  -1.3472000e-02
  -1.3479000e-02
  -1.3448000e-02
  -1.3405000e-02
  -1.3372000e-02
  -1.3370000e-02
  -1.3415000e-02
  -1.3520000e-02
  -1.3695000e-02
  -1.3941000e-02
  -1.4262000e-02
  -1.4642000e-02
  -1.5258000e-02
  -1.5513000e-02
  -1.5922000e-02
  -1.6268000e-02
  -1.6513000e-02
  -1.6707000e-02
  -1.6700000e-02
  -1.6528000e-02
  -1.6387000e-02
  -1.5976000e-02
  -1.5577000e-02
  -1.5124000e-02
  -1.4659000e-02
  -1.4102000e-02
  -1.3702000e-02
  -1.3362000e-02
  -1.3203000e-02
  -1.3013000e-02
  -1.2900000e-02
  -1.2859000e-02
  -1.2883000e-02
  -1.2955000e-02
  -1.3066000e-02
  -1.3195000e-02
  -1.3456000e-02
  -1.3636000e-02
  -1.3820000e-02
  -1.4005000e-02
  -1.4185000e-02
  -1.4358000e-02
  -1.4520000e-02
  -1.4669000e-02
  -1.4800000e-02
  -1.4909000e-02
  -1.4989000e-02
  -1.5031000e-02
  -1.3398000e-02
  -1.3546000e-02
  -1.3624000e-02
  -1.3653000e-02
  -1.3657000e-02
  -1.3654000e-02
  -1.3664000e-02
  -1.3701000e-02
  -1.3781000e-02
  -1.3914000e-02
  -1.4106000e-02
  -1.4359000e-02
  -1.4669000e-02
  -1.5216000e-02
  -1.5596000e-02
  -1.5996000e-02
  -1.6345000e-02
  -1.6633000e-02
  -1.6833000e-02
  -1.6926000e-02
  -1.6913000e-02
  -1.6779000e-02
  -1.6538000e-02
  -1.6236000e-02
  -1.5881000e-02
  -1.5440000e-02
  -1.5016000e-02
  -1.4606000e-02
  -1.4233000e-02
  -1.3906000e-02
  -1.3635000e-02
  -1.3432000e-02
  -1.3298000e-02
  -1.3229000e-02
  -1.3218000e-02
  -1.3254000e-02
  -1.3330000e-02
  -1.3526000e-02
  -1.3636000e-02
  -1.3787000e-02
  -1.3944000e-02
  -1.4103000e-02
  -1.4261000e-02
  -1.4414000e-02
  -1.4557000e-02
  -1.4689000e-02
  -1.4806000e-02
  -1.4901000e-02
  -1.4971000e-02
  -1.5006000e-02
  -1.3584000e-02
  -1.3708000e-02
  -1.3787000e-02
  -1.3835000e-02
  -1.3868000e-02
  -1.3902000e-02
  -1.3949000e-02
  -1.4022000e-02
  -1.4133000e-02
  -1.4289000e-02
  -1.4494000e-02
  -1.4914000e-02
  -1.5219000e-02
  -1.5556000e-02
  -1.5905000e-02
  -1.6267000e-02
  -1.6579000e-02
  -1.6836000e-02
  -1.7015000e-02
  -1.7102000e-02
  -1.7091000e-02
  -1.6976000e-02
  -1.6770000e-02
  -1.6490000e-02
  -1.6148000e-02
  -1.5770000e-02
  -1.5379000e-02
  -1.4998000e-02
  -1.4643000e-02
  -1.4325000e-02
  -1.4056000e-02
  -1.3848000e-02
  -1.3699000e-02
  -1.3607000e-02
  -1.3568000e-02
  -1.3573000e-02
  -1.3703000e-02
  -1.3774000e-02
  -1.3866000e-02
  -1.3958000e-02
  -1.4087000e-02
  -1.4220000e-02
  -1.4353000e-02
  -1.4482000e-02
  -1.4606000e-02
  -1.4719000e-02
  -1.4819000e-02
  -1.4901000e-02
  -1.4961000e-02
  -1.4991000e-02
  -1.3784000e-02
  -1.3881000e-02
  -1.3956000e-02
  -1.4019000e-02
  -1.4078000e-02
  -1.4144000e-02
  -1.4225000e-02
  -1.4330000e-02
  -1.4467000e-02
  -1.4642000e-02
  -1.4857000e-02
  -1.5268000e-02
  -1.5561000e-02
  -1.5874000e-02
  -1.6194000e-02
  -1.6517000e-02
  -1.6797000e-02
  -1.7024000e-02
  -1.7182000e-02
  -1.7259000e-02
  -1.7249000e-02
  -1.7150000e-02
  -1.6969000e-02
  -1.6718000e-02
  -1.6414000e-02
  -1.6074000e-02
  -1.5718000e-02
  -1.5365000e-02
  -1.5032000e-02
  -1.4730000e-02
  -1.4470000e-02
  -1.4260000e-02
  -1.4100000e-02
  -1.3990000e-02
  -1.3925000e-02
  -1.3983000e-02
  -1.3994000e-02
  -1.4033000e-02
  -1.4094000e-02
  -1.4144000e-02
  -1.4243000e-02
  -1.4348000e-02
  -1.4455000e-02
  -1.4561000e-02
  -1.4663000e-02
  -1.4756000e-02
  -1.4839000e-02
  -1.4908000e-02
  -1.4958000e-02
  -1.4985000e-02
  -1.3991000e-02
  -1.4059000e-02
  -1.4129000e-02
  -1.4203000e-02
  -1.4285000e-02
  -1.4379000e-02
  -1.4489000e-02
  -1.4622000e-02
  -1.4783000e-02
  -1.4973000e-02
  -1.5340000e-02
  -1.5598000e-02
  -1.5879000e-02
  -1.6172000e-02
  -1.6465000e-02
  -1.6746000e-02
  -1.7004000e-02
  -1.7206000e-02
  -1.7346000e-02
  -1.7415000e-02
  -1.7406000e-02
  -1.7320000e-02
  -1.7162000e-02
  -1.6941000e-02
  -1.6670000e-02
  -1.6366000e-02
  -1.6044000e-02
  -1.5722000e-02
  -1.5412000e-02
  -1.5128000e-02
  -1.4877000e-02
  -1.4666000e-02
  -1.4497000e-02
  -1.4370000e-02
  -1.4355000e-02
  -1.4307000e-02
  -1.4289000e-02
  -1.4297000e-02
  -1.4327000e-02
  -1.4374000e-02
  -1.4433000e-02
  -1.4485000e-02
  -1.4565000e-02
  -1.4647000e-02
  -1.4725000e-02
  -1.4799000e-02
  -1.4865000e-02
  -1.4920000e-02
  -1.4961000e-02
  -1.4986000e-02
  -1.4198000e-02
  -1.4236000e-02
  -1.4299000e-02
  -1.4384000e-02
  -1.4486000e-02
  -1.4605000e-02
  -1.4743000e-02
  -1.4900000e-02
  -1.5204000e-02
  -1.5419000e-02
  -1.5655000e-02
  -1.5911000e-02
  -1.6182000e-02
  -1.6458000e-02
  -1.6731000e-02
  -1.6988000e-02
  -1.7217000e-02
  -1.7396000e-02
  -1.7522000e-02
  -1.7584000e-02
  -1.7579000e-02
  -1.7505000e-02
  -1.7367000e-02
  -1.7173000e-02
  -1.6934000e-02
  -1.6662000e-02
  -1.6371000e-02
  -1.6076000e-02
  -1.5788000e-02
  -1.5519000e-02
  -1.5275000e-02
  -1.5062000e-02
  -1.4884000e-02
  -1.4804000e-02
  -1.4699000e-02
  -1.4626000e-02
  -1.4581000e-02
  -1.4560000e-02
  -1.4560000e-02
  -1.4576000e-02
  -1.4607000e-02
  -1.4647000e-02
  -1.4678000e-02
  -1.4734000e-02
  -1.4791000e-02
  -1.4845000e-02
  -1.4893000e-02
  -1.4935000e-02
  -1.4968000e-02
  -1.4991000e-02
  -1.4398000e-02
  -1.4407000e-02
  -1.4465000e-02
  -1.4559000e-02
  -1.4680000e-02
  -1.4822000e-02
  -1.4984000e-02
  -1.5164000e-02
  -1.5487000e-02
  -1.5714000e-02
  -1.5957000e-02
  -1.6213000e-02
  -1.6478000e-02
  -1.6743000e-02
  -1.7001000e-02
  -1.7241000e-02
  -1.7453000e-02
  -1.7627000e-02
  -1.7723000e-02
  -1.7782000e-02
  -1.7780000e-02
  -1.7717000e-02
  -1.7597000e-02
  -1.7426000e-02
  -1.7212000e-02
  -1.6968000e-02
  -1.6703000e-02
  -1.6431000e-02
  -1.6161000e-02
  -1.5902000e-02
  -1.5663000e-02
  -1.5448000e-02
  -1.5311000e-02
  -1.5158000e-02
  -1.5033000e-02
  -1.4935000e-02
  -1.4863000e-02
  -1.4814000e-02
  -1.4785000e-02
  -1.4773000e-02
  -1.4775000e-02
  -1.4788000e-02
  -1.4809000e-02
  -1.4821000e-02
  -1.4856000e-02
  -1.4891000e-02
  -1.4923000e-02
  -1.4952000e-02
  -1.4977000e-02
  -1.4999000e-02
  -1.4626000e-02
  -1.4604000e-02
  -1.4659000e-02
  -1.4766000e-02
  -1.4910000e-02
  -1.5079000e-02
  -1.5268000e-02
  -1.5530000e-02
  -1.5756000e-02
  -1.5996000e-02
  -1.6248000e-02
  -1.6509000e-02
  -1.6774000e-02
  -1.7035000e-02
  -1.7285000e-02
  -1.7516000e-02
  -1.7718000e-02
  -1.7883000e-02
  -1.8003000e-02
  -1.8085000e-02
  -1.8088000e-02
  -1.8037000e-02
  -1.7934000e-02
  -1.7786000e-02
  -1.7597000e-02
  -1.7378000e-02
  -1.7137000e-02
  -1.6884000e-02
  -1.6628000e-02
  -1.6376000e-02
  -1.6137000e-02
  -1.5863000e-02
  -1.5668000e-02
  -1.5497000e-02
  -1.5350000e-02
  -1.5228000e-02
  -1.5130000e-02
  -1.5053000e-02
  -1.4996000e-02
  -1.4956000e-02
  -1.4932000e-02
  -1.4919000e-02
  -1.4916000e-02
  -1.4922000e-02
  -1.4933000e-02
  -1.4945000e-02
  -1.4959000e-02
  -1.4974000e-02
  -1.4990000e-02
  -1.5010000e-02
  -1.4782000e-02
  -1.4743000e-02
  -1.4799000e-02
  -1.4919000e-02
  -1.5080000e-02
  -1.5269000e-02
  -1.5478000e-02
  -1.5765000e-02
  -1.6010000e-02
  -1.6267000e-02
  -1.6534000e-02
  -1.6806000e-02
  -1.7077000e-02
  -1.7343000e-02
  -1.7594000e-02
  -1.7824000e-02
  -1.8024000e-02
  -1.8187000e-02
  -1.8307000e-02
  -1.8390000e-02
  -1.8398000e-02
  -1.8355000e-02
  -1.8262000e-02
  -1.8125000e-02
  -1.7949000e-02
  -1.7741000e-02
  -1.7509000e-02
  -1.7262000e-02
  -1.7009000e-02
  -1.6756000e-02
  -1.6510000e-02
  -1.6221000e-02
  -1.6009000e-02
  -1.5817000e-02
  -1.5647000e-02
  -1.5500000e-02
  -1.5374000e-02
  -1.5271000e-02
  -1.5186000e-02
  -1.5121000e-02
  -1.5071000e-02
  -1.5035000e-02
  -1.5010000e-02
  -1.4992000e-02
  -1.4985000e-02
  -1.4983000e-02
  -1.4984000e-02
  -1.4989000e-02
  -1.4998000e-02
  -1.5016000e-02
  -1.4905000e-02
  -1.4858000e-02
  -1.4922000e-02
  -1.5054000e-02
  -1.5230000e-02
  -1.5436000e-02
  -1.5665000e-02
  -1.5979000e-02
  -1.6247000e-02
  -1.6527000e-02
  -1.6815000e-02
  -1.7107000e-02
  -1.7395000e-02
  -1.7675000e-02
  -1.7938000e-02
  -1.8177000e-02
  -1.8384000e-02
  -1.8553000e-02
  -1.8678000e-02
  -1.8767000e-02
  -1.8781000e-02
  -1.8743000e-02
  -1.8656000e-02
  -1.8523000e-02
  -1.8351000e-02
  -1.8145000e-02
  -1.7913000e-02
  -1.7663000e-02
  -1.7403000e-02
  -1.7138000e-02
  -1.6878000e-02
  -1.6565000e-02
  -1.6331000e-02
  -1.6114000e-02
  -1.5918000e-02
  -1.5743000e-02
  -1.5590000e-02
  -1.5459000e-02
  -1.5349000e-02
  -1.5258000e-02
  -1.5185000e-02
  -1.5127000e-02
  -1.5084000e-02
  -1.5045000e-02
  -1.5024000e-02
  -1.5011000e-02
  -1.5003000e-02
  -1.5000000e-02
  -1.5004000e-02
  -1.5018000e-02
  -1.4989000e-02
  -1.4946000e-02
  -1.5019000e-02
  -1.5161000e-02
  -1.5348000e-02
  -1.5569000e-02
  -1.5818000e-02
  -1.6163000e-02
  -1.6460000e-02
  -1.6772000e-02
  -1.7092000e-02
  -1.7416000e-02
  -1.7735000e-02
  -1.8041000e-02
  -1.8329000e-02
  -1.8589000e-02
  -1.8813000e-02
  -1.8997000e-02
  -1.9133000e-02
  -1.9234000e-02
  -1.9252000e-02
  -1.9217000e-02
  -1.9131000e-02
  -1.8996000e-02
  -1.8818000e-02
  -1.8603000e-02
  -1.8359000e-02
  -1.8093000e-02
  -1.7813000e-02
  -1.7527000e-02
  -1.7241000e-02
  -1.6894000e-02
  -1.6630000e-02
  -1.6383000e-02
  -1.6156000e-02
  -1.5951000e-02
  -1.5768000e-02
  -1.5610000e-02
  -1.5474000e-02
  -1.5360000e-02
  -1.5266000e-02
  -1.5191000e-02
  -1.5132000e-02
  -1.5077000e-02
  -1.5047000e-02
  -1.5026000e-02
  -1.5013000e-02
  -1.5006000e-02
  -1.5006000e-02
  -1.5016000e-02
  -1.5026000e-02
  -1.5000000e-02
  -1.5079000e-02
  -1.5221000e-02
  -1.5412000e-02
  -1.5646000e-02
  -1.5917000e-02
  -1.6304000e-02
  -1.6641000e-02
  -1.6998000e-02
  -1.7365000e-02
  -1.7736000e-02
  -1.8101000e-02
  -1.8452000e-02
  -1.8779000e-02
  -1.9075000e-02
  -1.9330000e-02
  -1.9539000e-02
  -1.9694000e-02
  -1.9810000e-02
  -1.9835000e-02
  -1.9799000e-02
  -1.9706000e-02
  -1.9559000e-02
  -1.9364000e-02
  -1.9127000e-02
  -1.8856000e-02
  -1.8559000e-02
  -1.8245000e-02
  -1.7922000e-02
  -1.7598000e-02
  -1.7202000e-02
  -1.6899000e-02
  -1.6614000e-02
  -1.6351000e-02
  -1.6112000e-02
  -1.5899000e-02
  -1.5712000e-02
  -1.5551000e-02
  -1.5416000e-02
  -1.5305000e-02
  -1.5216000e-02
  -1.5146000e-02
  -1.5082000e-02
  -1.5048000e-02
  -1.5025000e-02
  -1.5011000e-02
  -1.5004000e-02
  -1.5004000e-02
  -1.5010000e-02
  -1.5019000e-02
  -1.5012000e-02
  -1.5072000e-02
  -1.5197000e-02
  -1.5385000e-02
  -1.5633000e-02
  -1.5937000e-02
  -1.6382000e-02
  -1.6777000e-02
  -1.7196000e-02
  -1.7631000e-02
  -1.8070000e-02
  -1.8503000e-02
  -1.8918000e-02
  -1.9305000e-02
  -1.9654000e-02
  -1.9956000e-02
  -2.0202000e-02
  -2.0386000e-02
  -2.0524000e-02
  -2.0554000e-02
  -2.0514000e-02
  -2.0406000e-02
  -2.0235000e-02
  -2.0008000e-02
  -1.9732000e-02
  -1.9415000e-02
  -1.9069000e-02
  -1.8702000e-02
  -1.8325000e-02
  -1.7946000e-02
  -1.7483000e-02
  -1.7130000e-02
  -1.6798000e-02
  -1.6492000e-02
  -1.6215000e-02
  -1.5968000e-02
  -1.5753000e-02
  -1.5570000e-02
  -1.5416000e-02
  -1.5292000e-02
  -1.5193000e-02
  -1.5118000e-02
  -1.5053000e-02
  -1.5021000e-02
  -1.5002000e-02
  -1.4994000e-02
  -1.4994000e-02
  -1.4999000e-02
  -1.5003000e-02
  -1.5001000e-02
  -1.4955000e-02
  -1.4938000e-02
  -1.5021000e-02
  -1.5208000e-02
  -1.5487000e-02
  -1.5842000e-02
  -1.6374000e-02
  -1.6850000e-02
  -1.7359000e-02
  -1.7886000e-02
  -1.8420000e-02
  -1.8946000e-02
  -1.9452000e-02
  -1.9924000e-02
  -2.0350000e-02
  -2.0718000e-02
  -2.1018000e-02
  -2.1242000e-02
  -2.1408000e-02
  -2.1443000e-02
  -2.1393000e-02
  -2.1259000e-02
  -2.1050000e-02
  -2.0771000e-02
  -2.0433000e-02
  -2.0049000e-02
  -1.9628000e-02
  -1.9185000e-02
  -1.8731000e-02
  -1.8277000e-02
  -1.7727000e-02
  -1.7309000e-02
  -1.6919000e-02
  -1.6563000e-02
  -1.6243000e-02
  -1.5961000e-02
  -1.5718000e-02
  -1.5514000e-02
  -1.5347000e-02
  -1.5214000e-02
  -1.5113000e-02
  -1.5040000e-02
  -1.4982000e-02
  -1.4959000e-02
  -1.4953000e-02
  -1.4960000e-02
  -1.4976000e-02
  -1.4994000e-02
  -1.5000000e-02
