   5.3210000e-10
   1.8343000e-08
   2.9804000e-08
   3.7468500e-08
   4.3476000e-08
   4.8931000e-08
   5.4165000e-08
   5.9965000e-08
   6.3320000e-08
   6.4765000e-08
   6.3740000e-08
   5.9980000e-08
   5.3655000e-08
   4.5332500e-08
   3.5865500e-08
   2.6181500e-08
   1.7055500e-08
   8.9510000e-09
   1.9739000e-09
  -5.4885000e-09
  -1.0900000e-08
  -1.6367000e-08
  -2.2379000e-08
  -2.9324500e-08
  -3.7369500e-08
  -4.6326500e-08
  -5.5645000e-08
  -6.4335000e-08
  -7.1475000e-08
  -7.6005000e-08
  -7.7340000e-08
  -7.4100000e-08
  -6.8080000e-08
  -5.9600000e-08
  -4.9451500e-08
  -3.8469000e-08
  -2.7415000e-08
  -1.6916500e-08
  -7.4395000e-09
   7.0650000e-10
   7.3460000e-09
   1.2406000e-08
   1.5883000e-08
   1.8109500e-08
   1.8194000e-08
   1.6883500e-08
   1.4263500e-08
   1.0446000e-08
   5.5890000e-09
   1.1524000e-10
  -3.0740500e-07
  -9.4395000e-05
  -1.6912000e-04
  -2.2056500e-04
  -2.4703000e-04
  -2.4835500e-04
  -2.2564000e-04
  -1.6637000e-04
  -9.9580000e-05
  -2.0333500e-05
   6.5170000e-05
   1.4960500e-04
   2.2484000e-04
   2.8259500e-04
   3.1528500e-04
   3.1703000e-04
   2.8469000e-04
   2.1860500e-04
   1.2295000e-04
  -2.5798500e-05
  -1.5580500e-04
  -2.8196000e-04
  -3.9257500e-04
  -4.7795500e-04
  -5.3150000e-04
  -5.5035000e-04
  -5.3510000e-04
  -4.8966000e-04
  -4.1997000e-04
  -3.3320500e-04
  -2.3672000e-04
  -1.1280500e-04
  -1.7670500e-05
   6.9570000e-05
   1.4628500e-04
   2.1103000e-04
   2.6332500e-04
   3.0337000e-04
   3.3181000e-04
   3.4950000e-04
   3.5733500e-04
   3.5609500e-04
   3.4636500e-04
   3.2295500e-04
   2.9475500e-04
   2.5783000e-04
   2.1132500e-04
   1.5402500e-04
   8.4335000e-05
   3.3106500e-07
  -6.5475000e-07
  -1.9225500e-04
  -3.4382000e-04
  -4.4814000e-04
  -5.0220000e-04
  -5.0590000e-04
  -4.6147500e-04
  -3.4409000e-04
  -2.1120500e-04
  -5.3060000e-05
   1.1806000e-04
   2.8753000e-04
   4.3908500e-04
   5.5605000e-04
   6.2310000e-04
   6.2835000e-04
   5.6540000e-04
   4.3482500e-04
   2.4501000e-04
  -5.0740000e-05
  -3.0942000e-04
  -5.6040000e-04
  -7.8030000e-04
  -9.4960000e-04
  -1.0552000e-03
  -1.0911500e-03
  -1.0590500e-03
  -9.6730000e-04
  -8.2625000e-04
  -6.5175000e-04
  -4.5857000e-04
  -2.1143000e-04
  -2.2353000e-05
   1.5047000e-04
   3.0193500e-04
   4.2931000e-04
   5.3180000e-04
   6.0985000e-04
   6.6495000e-04
   6.9875000e-04
   7.1315000e-04
   7.0975000e-04
   6.8965000e-04
   6.4240000e-04
   5.8600000e-04
   5.1240000e-04
   4.1989500e-04
   3.0602500e-04
   1.6758000e-04
   6.6020000e-07
  -1.0792500e-06
  -2.9661000e-04
  -5.2895000e-04
  -6.8880000e-04
  -7.7260000e-04
  -7.8075000e-04
  -7.1670000e-04
  -5.4365000e-04
  -3.4630500e-04
  -1.1028500e-04
   1.4622000e-04
   4.0138000e-04
   6.3075000e-04
   8.0905000e-04
   9.1310000e-04
   9.2475000e-04
   8.3430000e-04
   6.4270000e-04
   3.6253500e-04
  -7.5015000e-05
  -4.5806000e-04
  -8.2975000e-04
  -1.1551000e-03
  -1.4050000e-03
  -1.5595500e-03
  -1.6098500e-03
  -1.5581500e-03
  -1.4172500e-03
  -1.2040000e-03
  -9.4080000e-04
  -6.5075000e-04
  -2.8202000e-04
  -1.5560000e-06
   2.5342500e-04
   4.7564500e-04
   6.6140000e-04
   8.0985000e-04
   9.2200000e-04
   1.0001500e-03
   1.0471000e-03
   1.0656500e-03
   1.0581500e-03
   1.0264000e-03
   9.5460000e-04
   8.7000000e-04
   7.6030000e-04
   6.2285000e-04
   4.5391500e-04
   2.4861500e-04
   9.8510000e-07
  -1.6124000e-06
  -4.0962500e-04
  -7.2785000e-04
  -9.4675000e-04
  -1.0632500e-03
  -1.0788500e-03
  -9.9840000e-04
  -7.7375000e-04
  -5.1485000e-04
  -2.0324500e-04
   1.3724500e-04
   4.7766500e-04
   7.8525000e-04
   1.0260000e-03
   1.1686500e-03
   1.1891000e-03
   1.0749000e-03
   8.2785000e-04
   4.6526500e-04
  -1.0136000e-04
  -5.9755000e-04
  -1.0793500e-03
  -1.5015000e-03
  -1.8257500e-03
  -2.0251000e-03
  -2.0869500e-03
  -2.0137500e-03
  -1.8216000e-03
  -1.5352000e-03
  -1.1839000e-03
  -7.9845000e-04
  -3.1158500e-04
   5.6020000e-05
   3.8779500e-04
   6.7470000e-04
   9.1250000e-04
   1.1006500e-03
   1.2410500e-03
   1.3371500e-03
   1.3929000e-03
   1.4120500e-03
   1.3979500e-03
   1.3529000e-03
   1.2555000e-03
   1.1428500e-03
   9.9795000e-04
   8.1715000e-04
   5.9550000e-04
   3.2623500e-04
   1.3025000e-06
  -2.2762500e-06
  -5.3215000e-04
  -9.4170000e-04
  -1.2233500e-03
  -1.3760500e-03
  -1.4028000e-03
  -1.3102500e-03
  -1.0399000e-03
  -7.2410000e-04
  -3.4110500e-04
   7.9720000e-05
   5.0215000e-04
   8.8490000e-04
   1.1849500e-03
   1.3631500e-03
   1.3907500e-03
   1.2544500e-03
   9.5965000e-04
   5.2980000e-04
  -1.3758500e-04
  -7.2060000e-04
  -1.2884000e-03
  -1.7893000e-03
  -2.1774000e-03
  -2.4177500e-03
  -2.4917500e-03
  -2.3994000e-03
  -2.1586500e-03
  -1.8010000e-03
  -1.3643000e-03
  -8.8735000e-04
  -2.8874000e-04
   1.5955000e-04
   5.6060000e-04
   9.0400000e-04
   1.1854500e-03
   1.4052000e-03
   1.5665000e-03
   1.6740500e-03
   1.7331500e-03
   1.7487000e-03
   1.7249000e-03
   1.6645000e-03
   1.5405500e-03
   1.4002500e-03
   1.2214000e-03
   9.9960000e-04
   7.2830000e-04
   3.9913500e-04
   1.6080500e-06
  -3.0797000e-06
  -6.6340000e-04
  -1.1688500e-03
  -1.5165000e-03
  -1.7086000e-03
  -1.7508000e-03
  -1.6513000e-03
  -1.3428000e-03
  -9.7650000e-04
  -5.2875000e-04
  -3.5808000e-05
   4.6348000e-04
   9.1410000e-04
   1.2626500e-03
   1.4592000e-03
   1.4750000e-03
   1.3077500e-03
   9.7515000e-04
   5.0745000e-04
  -2.0143000e-04
  -8.1385000e-04
  -1.4159000e-03
  -1.9600500e-03
  -2.3963500e-03
  -2.7036000e-03
  -2.8115000e-03
  -2.7183000e-03
  -2.4063000e-03
  -1.9882000e-03
  -1.4719000e-03
  -9.0840000e-04
  -2.0557500e-04
   3.1468000e-04
   7.7540000e-04
   1.1651000e-03
   1.4800500e-03
   1.7219000e-03
   1.8953500e-03
   2.0069000e-03
   2.0632500e-03
   2.0705000e-03
   2.0336000e-03
   1.9559000e-03
   1.8046000e-03
   1.6373500e-03
   1.4265500e-03
   1.1666500e-03
   8.4990000e-04
   4.6591000e-04
   1.8959500e-06
  -4.2678000e-06
  -8.3515000e-04
  -1.4634000e-03
  -1.8956000e-03
  -2.1405000e-03
  -2.2075500e-03
  -2.1072000e-03
  -1.6763500e-03
  -1.2665500e-03
  -7.5835000e-04
  -2.0213500e-04
   2.9912000e-04
   8.5500000e-04
   1.2307000e-03
   1.3950500e-03
   1.3038500e-03
   1.1240000e-03
   7.6145000e-04
   8.1325000e-05
  -3.8614500e-04
  -8.4595000e-04
  -1.3262000e-03
  -1.9121500e-03
  -2.3000500e-03
  -2.6793500e-03
  -2.8569000e-03
  -2.8018500e-03
  -2.5369000e-03
  -2.0806500e-03
  -1.5028500e-03
  -6.9745000e-04
  -6.3935000e-05
   5.2070000e-04
   1.0304000e-03
   1.4550500e-03
   1.7922500e-03
   2.0455000e-03
   2.2218000e-03
   2.3294000e-03
   2.3767000e-03
   2.3709000e-03
   2.3177500e-03
   2.2209000e-03
   2.0954000e-03
   1.8964000e-03
   1.6493500e-03
   1.3475000e-03
   9.8130000e-04
   5.3815000e-04
   2.2187500e-06
  -5.3185000e-06
  -9.7210000e-04
  -1.6962500e-03
  -2.1946000e-03
  -2.4822000e-03
  -2.5719500e-03
  -2.4758500e-03
  -2.2074000e-03
  -1.5736000e-03
  -1.1582500e-03
  -5.3370000e-04
   8.6500000e-05
   6.3145000e-04
   9.2490000e-04
   9.8270000e-04
   6.2570000e-04
   3.8502500e-04
  -1.4312000e-04
  -5.2120000e-04
  -6.9255000e-04
  -7.2100000e-04
  -8.7510000e-04
  -1.1598500e-03
  -1.8476500e-03
  -2.1268000e-03
  -2.6053500e-03
  -2.6953000e-03
  -2.4916500e-03
  -1.9255000e-03
  -1.2835500e-03
  -5.7370000e-04
   1.3062500e-04
   7.7020000e-04
   1.3187500e-03
   1.7660500e-03
   2.1130500e-03
   2.3670500e-03
   2.5368000e-03
   2.6328000e-03
   2.6650000e-03
   2.6418500e-03
   2.6004500e-03
   2.4673000e-03
   2.2907000e-03
   2.0686500e-03
   1.7964000e-03
   1.4663000e-03
   1.0674500e-03
   5.8555000e-04
   2.4384000e-06
  -6.3980000e-06
  -1.1007500e-03
  -1.9131500e-03
  -2.4723000e-03
  -2.8001000e-03
  -2.9126500e-03
  -2.8227000e-03
  -2.5429000e-03
  -2.0852000e-03
  -1.4147000e-03
  -7.4245000e-04
  -9.4410000e-05
   3.6392000e-04
   5.0280000e-04
   1.7851000e-04
  -5.6110000e-04
  -1.5308500e-03
  -2.1310500e-03
  -2.0345500e-03
  -1.4364500e-03
  -4.7097500e-04
   5.0210000e-04
   1.0310500e-04
   1.9418000e-04
  -1.1052500e-03
  -2.0525500e-03
  -2.2880500e-03
  -2.3296500e-03
  -1.8408000e-03
  -1.1730500e-03
  -4.1050000e-04
   3.5442500e-04
   1.0461500e-03
   1.6268500e-03
   2.0873500e-03
   2.4316000e-03
   2.6741000e-03
   2.8283000e-03
   2.9058500e-03
   2.9180000e-03
   2.9048000e-03
   2.7952500e-03
   2.6419500e-03
   2.4454500e-03
   2.2033500e-03
   1.9102500e-03
   1.5576000e-03
   1.1334000e-03
   6.2185000e-04
   2.6129000e-06
  -7.4235000e-06
  -1.2119500e-03
  -2.0987000e-03
  -2.7089000e-03
  -3.0708500e-03
  -3.2029500e-03
  -3.1173000e-03
  -2.8251000e-03
  -2.1341000e-03
  -1.6235500e-03
  -8.3140000e-04
  -1.5931500e-04
   2.6392500e-04
   8.6070000e-05
  -8.1630000e-04
  -2.3415000e-03
  -4.4853500e-03
  -5.5035000e-03
  -5.1890000e-04
  -3.9421000e-04
  -2.6989000e-04
  -1.0807000e-04
   7.8085000e-06
   3.1692000e-03
   1.0720000e-03
  -8.5875000e-04
  -1.8627000e-03
  -2.1531500e-03
  -1.7829500e-03
  -1.0958000e-03
  -2.5998000e-04
   5.7590000e-04
   1.3185000e-03
   1.9275000e-03
   2.3974000e-03
   2.7305500e-03
   2.9525500e-03
   3.0831000e-03
   3.1355000e-03
   3.1534000e-03
   3.0689500e-03
   2.9391000e-03
   2.7672000e-03
   2.5536000e-03
   2.2954000e-03
   1.9866500e-03
   1.6181000e-03
   1.1767500e-03
   6.4560000e-04
   2.7325500e-06
  -8.2955000e-06
  -1.2956000e-03
  -2.2364000e-03
  -2.8831500e-03
  -3.2694000e-03
  -3.4139000e-03
  -3.3236500e-03
  -2.9996000e-03
  -2.2954500e-03
  -1.5898500e-03
  -6.2615000e-04
   1.6227000e-04
   5.5585000e-04
  -9.6105000e-05
  -1.9979500e-03
  -8.3940000e-04
  -7.3500000e-04
  -6.2380000e-04
  -5.0085000e-04
  -3.9244500e-04
  -2.8595500e-04
  -1.4796500e-04
  -2.1963500e-05
   1.0008500e-04
   2.0067500e-04
   1.0569500e-03
  -1.4865000e-03
  -2.2354000e-03
  -2.2152500e-03
  -1.1711500e-03
  -2.0674000e-04
   7.3280000e-04
   1.5403500e-03
   2.1801000e-03
   2.6552000e-03
   2.9813000e-03
   3.1812500e-03
   3.2839000e-03
   3.3087500e-03
   3.2779000e-03
   3.1722500e-03
   3.0241000e-03
   2.8366500e-03
   2.6098000e-03
   2.3404500e-03
   2.0220500e-03
   1.6449000e-03
   1.1954000e-03
   6.5575000e-04
   2.7883000e-06
  -8.9065000e-06
  -1.3420000e-03
  -2.3102000e-03
  -2.9747500e-03
  -3.3720000e-03
  -3.5184000e-03
  -3.4098500e-03
  -3.0138000e-03
  -2.3383000e-03
  -1.3774000e-03
  -1.6025000e-05
   1.0473000e-03
   1.7570500e-03
   9.9910000e-04
  -8.9845000e-04
  -8.1080000e-04
  -7.1755000e-04
  -6.1175000e-04
  -4.9782500e-04
  -3.8352000e-04
  -2.4895500e-04
  -1.6166000e-04
  -4.8378500e-05
   7.7030000e-05
   1.8016500e-04
   2.7778000e-04
   3.5480500e-04
  -3.1705000e-03
  -3.1339500e-03
  -1.5796000e-03
  -3.6175000e-04
   7.5575000e-04
   1.6645500e-03
   2.3503500e-03
   2.8350000e-03
   3.1511000e-03
   3.3327000e-03
   3.4105500e-03
   3.4092000e-03
   3.3301000e-03
   3.2063000e-03
   3.0435500e-03
   2.8448500e-03
   2.6099500e-03
   2.3351500e-03
   2.0139000e-03
   1.6360500e-03
   1.1879000e-03
   6.5135000e-04
   2.7724000e-06
  -9.1540000e-06
  -1.3429000e-03
  -2.3069500e-03
  -2.9674000e-03
  -3.3604000e-03
  -3.4969500e-03
  -3.3636500e-03
  -2.9007500e-03
  -2.0342000e-03
  -6.4755000e-04
   9.9090000e-04
   3.0302000e-03
   4.0134500e-03
  -9.2840000e-04
  -8.7385000e-04
  -7.9360000e-04
  -6.8110000e-04
  -5.8985000e-04
  -4.9898000e-04
  -3.9713000e-04
  -2.6248000e-04
  -1.6460500e-04
  -5.5090000e-05
   5.2935000e-05
   1.5513000e-04
   2.4676500e-04
   3.4378500e-04
   4.0394500e-04
  -5.3915000e-03
  -3.2950000e-03
  -1.2801500e-03
   2.7587000e-04
   1.6809000e-03
   2.4219500e-03
   2.9181500e-03
   3.2241500e-03
   3.3863500e-03
   3.4437000e-03
   3.3962500e-03
   3.3016500e-03
   3.1646500e-03
   2.9927000e-03
   2.7885000e-03
   2.5514500e-03
   2.2778000e-03
   1.9608500e-03
   1.5906000e-03
   1.1536000e-03
   6.3200000e-04
   2.6797000e-06
  -8.9570000e-06
  -1.2927000e-03
  -2.2182000e-03
  -2.8514500e-03
  -3.2251500e-03
  -3.3422500e-03
  -3.1825500e-03
  -2.6032000e-03
  -1.2785500e-03
   4.6006500e-04
   2.2679000e-03
   5.8470000e-03
  -9.2250000e-04
  -8.7975000e-04
  -8.1910000e-04
  -7.5860000e-04
  -6.5985000e-04
  -5.7715000e-04
  -4.7938000e-04
  -3.7178500e-04
  -2.6936000e-04
  -1.5342500e-04
  -6.7140000e-05
   2.6218500e-05
   1.4694500e-04
   2.1837500e-04
   2.9232500e-04
   3.8287000e-04
  -8.6265000e-03
  -4.3271000e-03
  -1.7685000e-03
   1.0568500e-04
   1.3912000e-03
   2.2398500e-03
   2.9012000e-03
   3.1891000e-03
   3.3335000e-03
   3.3754500e-03
   3.2908500e-03
   3.1875500e-03
   3.0440500e-03
   2.8696000e-03
   2.6665500e-03
   2.4341000e-03
   2.1685000e-03
   1.8632500e-03
   1.5089500e-03
   1.0927500e-03
   5.9790000e-04
   2.5080500e-06
  -8.2705000e-06
  -1.1896500e-03
  -2.0419500e-03
  -2.6259500e-03
  -2.9680500e-03
  -3.0623500e-03
  -2.8761000e-03
  -2.0726500e-03
  -7.9370000e-04
   1.0650500e-03
   4.0698000e-03
  -9.1410000e-04
  -8.7370000e-04
  -8.3490000e-04
  -7.6905000e-04
  -7.1085000e-04
  -6.1560000e-04
  -5.5210000e-04
  -4.4478000e-04
  -3.4825000e-04
  -2.5609000e-04
  -1.4668500e-04
  -5.5875000e-05
   3.5260500e-05
   1.2352000e-04
   2.0492500e-04
   2.8016000e-04
   3.6315500e-04
   4.1695500e-04
  -6.4070000e-03
  -3.0816500e-03
  -7.5435000e-04
   1.3959500e-03
   2.2015500e-03
   2.6635500e-03
   3.0360500e-03
   3.1699500e-03
   3.2056000e-03
   3.0491000e-03
   2.9563500e-03
   2.8451500e-03
   2.6756000e-03
   2.4808500e-03
   2.2599500e-03
   2.0094500e-03
   1.7232500e-03
   1.3928500e-03
   1.0067000e-03
   5.4975000e-04
   2.2593000e-06
  -7.0940000e-06
  -1.0362500e-03
  -1.7833000e-03
  -2.2990500e-03
  -2.6021000e-03
  -2.6791500e-03
  -2.4818500e-03
  -1.6065000e-03
  -6.2065000e-04
   2.2444000e-03
   5.8585000e-03
  -8.3515000e-04
  -7.9735000e-04
  -7.6055000e-04
  -7.1345000e-04
  -6.5805000e-04
  -5.6900000e-04
  -4.9656000e-04
  -4.0973000e-04
  -3.3344000e-04
  -2.2981500e-04
  -1.5063000e-04
  -6.7495000e-05
   2.4910000e-05
   1.0617500e-04
   1.9931500e-04
   2.6431500e-04
   3.3897500e-04
   3.8801500e-04
  -8.0650000e-03
  -4.0614000e-03
  -4.5467000e-04
   9.4165000e-04
   1.8272500e-03
   2.4672000e-03
   2.7665000e-03
   2.9016500e-03
   2.7763500e-03
   2.7428000e-03
   2.6536500e-03
   2.5304500e-03
   2.4159500e-03
   2.2366000e-03
   2.0340500e-03
   1.8051500e-03
   1.5448000e-03
   1.2456500e-03
   8.9795000e-04
   4.8893500e-04
   1.9395000e-06
  -5.4770000e-06
  -8.3930000e-04
  -1.4543000e-03
  -1.8874000e-03
  -2.1494000e-03
  -2.2235500e-03
  -2.0569000e-03
  -1.5325000e-03
  -3.7719000e-04
   1.5407000e-03
  -7.6580000e-04
  -7.6210000e-04
  -7.2450000e-04
  -6.9675000e-04
  -6.4555000e-04
  -5.8660000e-04
  -5.3020000e-04
  -4.5731500e-04
  -3.7288000e-04
  -3.1474000e-04
  -2.2228000e-04
  -1.4410000e-04
  -6.6215000e-05
   3.4986500e-05
   1.0321000e-04
   1.7151500e-04
   2.4767000e-04
   3.1118500e-04
   3.7111000e-04
   4.2327500e-04
  -3.4212000e-03
  -7.8795000e-04
   5.9145000e-04
   1.7471000e-03
   2.1107000e-03
   2.3634000e-03
   2.5390000e-03
   2.3946500e-03
   2.3602500e-03
   2.2814500e-03
   2.1756000e-03
   2.0485000e-03
   1.9420000e-03
   1.7638000e-03
   1.5624000e-03
   1.3338000e-03
   1.0721500e-03
   7.6995000e-04
   4.1736500e-04
   1.5589000e-06
  -3.5141000e-06
  -6.0945000e-04
  -1.0727000e-03
  -1.4140500e-03
  -1.6375000e-03
  -1.7279000e-03
  -1.6440500e-03
  -1.1404500e-03
  -4.4406500e-04
   1.5302000e-03
  -6.8005000e-04
  -6.6490000e-04
  -6.5515000e-04
  -6.0815000e-04
  -5.8135000e-04
  -5.4565000e-04
  -4.6894500e-04
  -4.0847500e-04
  -3.6009500e-04
  -2.6318000e-04
  -2.0206500e-04
  -1.3233000e-04
  -4.3036000e-05
   3.6332000e-05
   1.0173000e-04
   1.7894500e-04
   2.3113500e-04
   2.9486000e-04
   3.5072500e-04
   3.9457500e-04
  -2.1676000e-03
  -1.8603000e-04
   8.5030000e-04
   1.4032500e-03
   1.7325500e-03
   1.9256000e-03
   2.0296000e-03
   1.9473500e-03
   1.9178500e-03
   1.8567000e-03
   1.7736000e-03
   1.6720500e-03
   1.5530500e-03
   1.4593000e-03
   1.2899500e-03
   1.0976000e-03
   8.7835000e-04
   6.2720000e-04
   3.3755500e-04
   1.1318000e-06
  -7.7740000e-07
  -2.9643500e-04
  -5.5540000e-04
  -7.7690000e-04
  -9.5800000e-04
  -1.0924500e-03
  -1.1684500e-03
  -1.1462000e-03
  -1.0232000e-03
  -1.9160000e-04
  -5.6545000e-04
  -5.6500000e-04
  -5.5435000e-04
  -5.3210000e-04
  -5.0920000e-04
  -4.6187000e-04
  -4.3043500e-04
  -3.6537000e-04
  -3.1273500e-04
  -2.5208000e-04
  -1.8585000e-04
  -1.1287000e-04
  -3.4728000e-05
   2.7397000e-05
   1.0169500e-04
   1.5639500e-04
   2.2707000e-04
   2.7455500e-04
   3.2533000e-04
   3.7158500e-04
  -1.2774500e-04
   5.9330000e-04
   1.0323500e-03
   1.2663000e-03
   1.3969000e-03
   1.4803000e-03
   1.4741500e-03
   1.4636000e-03
   1.4410000e-03
   1.4004500e-03
   1.3432000e-03
   1.2702000e-03
   1.1815000e-03
   1.0488500e-03
   9.2360000e-04
   7.8060000e-04
   6.1860000e-04
   4.3594500e-04
   2.3070000e-04
   5.5915000e-07
   1.4554500e-06
  -4.3370500e-05
  -1.3811000e-04
  -2.6483000e-04
  -4.1598000e-04
  -5.9455000e-04
  -8.1720000e-04
  -1.2091000e-03
  -1.6907500e-03
  -2.1296000e-03
  -4.7555000e-04
  -4.8738000e-04
  -4.8866000e-04
  -4.5275000e-04
  -4.4308500e-04
  -4.0190500e-04
  -3.6711500e-04
  -3.3337000e-04
  -2.7401000e-04
  -2.1862000e-04
  -1.5644500e-04
  -7.6085000e-05
  -2.1469000e-05
   3.1866000e-05
   1.0091500e-04
   1.5580000e-04
   2.1309500e-04
   2.6290500e-04
   3.0866500e-04
   3.4898000e-04
   2.4511500e-03
   1.6250500e-03
   1.2381500e-03
   1.1079500e-03
   1.0337500e-03
   1.0130500e-03
   9.8585000e-04
   9.6710000e-04
   9.5530000e-04
   9.3595000e-04
   9.0500000e-04
   8.6095000e-04
   8.0325000e-04
   7.1195000e-04
   6.2300000e-04
   5.2070000e-04
   4.0574500e-04
   2.7934500e-04
   1.4325000e-04
   9.2920000e-08
   3.5485000e-06
   1.9493500e-04
   2.5498000e-04
   2.1771500e-04
   9.5475000e-05
  -1.2200500e-04
  -4.7451000e-04
  -1.0652000e-03
  -2.3555000e-03
  -4.0013000e-03
  -3.8343000e-04
  -3.9159500e-04
  -4.0555500e-04
  -3.8888500e-04
  -3.6487500e-04
  -3.4235000e-04
  -3.0720500e-04
  -2.6876500e-04
  -2.2830500e-04
  -1.7422500e-04
  -1.2000500e-04
  -7.3485000e-05
  -7.0620000e-06
   5.1920000e-05
   9.8525000e-05
   1.5524500e-04
   2.0151500e-04
   2.5384000e-04
   3.0177000e-04
   3.3656500e-04
   4.7983500e-03
   2.4928500e-03
   1.4451500e-03
   9.7120000e-04
   7.2470000e-04
   5.7490000e-04
   5.1630000e-04
   4.9054000e-04
   4.8769000e-04
   4.8700000e-04
   4.7987500e-04
   4.6282500e-04
   4.3430000e-04
   3.8258500e-04
   3.2879500e-04
   2.6611500e-04
   1.9724000e-04
   1.2600500e-04
   5.7695000e-05
  -3.5822000e-07
   5.3550000e-06
   4.0427000e-04
   6.0115000e-04
   6.4405000e-04
   5.5095000e-04
   3.0892500e-04
  -2.8817000e-04
  -1.0560500e-03
  -2.3336000e-03
  -4.6974500e-03
  -8.8130000e-03
  -3.2429000e-04
  -3.2277000e-04
  -3.1574000e-04
  -3.1579500e-04
  -2.8614500e-04
  -2.6861500e-04
  -2.2252500e-04
  -1.8853000e-04
  -1.3553000e-04
  -9.0125000e-05
  -4.9973500e-05
   5.2360000e-06
   5.1650000e-05
   1.0664500e-04
   1.5592500e-04
   2.0179000e-04
   2.3843500e-04
   2.8685500e-04
   3.2113500e-04
   5.9665000e-03
   3.3396500e-03
   1.4765000e-03
   8.2530000e-04
   4.1746500e-04
   1.9286500e-04
   9.0010000e-05
   6.2205000e-05
   6.3200000e-05
   7.5740000e-05
   8.7585000e-05
   9.3055000e-05
   8.9835000e-05
   7.3530000e-05
   5.1965000e-05
   2.6171500e-05
   5.8950000e-07
  -1.8578500e-05
  -2.2879000e-05
  -7.7530000e-07
   6.7575000e-06
   5.7270000e-04
   8.8100000e-04
   9.9075000e-04
   9.2605000e-04
   6.7640000e-04
   2.3312000e-05
  -6.6445000e-04
  -2.4811000e-03
  -5.0005000e-03
  -9.2200000e-03
  -2.4796500e-04
  -2.5707500e-04
  -2.5979500e-04
  -2.4742000e-04
  -2.4149500e-04
  -2.1500000e-04
  -1.9177000e-04
  -1.4771500e-04
  -1.0789000e-04
  -7.1340000e-05
  -3.5640000e-05
   1.3200500e-05
   6.2365000e-05
   1.0885000e-04
   1.5459000e-04
   1.9988000e-04
   2.2816000e-04
   2.6755000e-04
   1.0646000e-02
   6.2790000e-03
   3.0099500e-03
   1.6182500e-03
   6.1335000e-04
   5.0235000e-05
  -1.1709500e-04
  -2.5405500e-04
  -2.9493000e-04
  -2.9755000e-04
  -2.7895000e-04
  -2.5502000e-04
  -2.3333500e-04
  -2.1688500e-04
  -2.0396000e-04
  -1.9772500e-04
  -1.9087000e-04
  -1.7752000e-04
  -1.4949500e-04
  -9.5715000e-05
  -1.1416500e-06
   7.6775000e-06
   6.9165000e-04
   1.0802000e-03
   1.2393500e-03
   1.1991000e-03
   9.5685000e-04
   3.1727500e-04
  -5.2105000e-04
  -1.8142500e-03
  -4.1496500e-03
  -7.7480000e-03
  -1.7888500e-04
  -1.9755000e-04
  -2.0219500e-04
  -2.0335000e-04
  -1.8698500e-04
  -1.6694000e-04
  -1.5254000e-04
  -1.2331000e-04
  -9.0835000e-05
  -4.8696000e-05
  -1.9614500e-05
   2.5846000e-05
   6.9140000e-05
   1.1219500e-04
   1.5066000e-04
   1.9225000e-04
   2.2245500e-04
   2.5709500e-04
   8.7130000e-03
   5.1415000e-03
   2.4358500e-03
   1.1514000e-03
   3.5490500e-04
  -1.1608000e-04
  -3.8765500e-04
  -5.1160000e-04
  -5.6755000e-04
  -5.7860000e-04
  -5.6290000e-04
  -5.3500000e-04
  -5.0465000e-04
  -4.7535000e-04
  -4.4080000e-04
  -4.1232000e-04
  -3.7821500e-04
  -3.3156000e-04
  -2.6269500e-04
  -1.5854500e-04
  -1.4442000e-06
   8.0860000e-06
   7.5650000e-04
   1.1905500e-03
   1.3785500e-03
   1.3546500e-03
   1.1242000e-03
   5.1260000e-04
  -2.7244500e-04
  -1.7068000e-03
  -3.4169500e-03
  -5.5940000e-03
  -8.7325000e-03
  -1.4862500e-04
  -1.5219000e-04
  -1.5420000e-04
  -1.4561500e-04
  -1.3586000e-04
  -1.1704000e-04
  -1.0002000e-04
  -6.6265000e-05
  -3.6619500e-05
   1.2547000e-06
   3.8533000e-05
   7.6905000e-05
   1.1506000e-04
   1.5682000e-04
   1.8496000e-04
   2.2343500e-04
   9.7070000e-03
   7.4810000e-03
   4.5381000e-03
   2.3921500e-03
   1.0993000e-03
   2.8984000e-04
  -2.0937000e-04
  -5.0520000e-04
  -6.7625000e-04
  -7.4820000e-04
  -7.7290000e-04
  -7.6755000e-04
  -7.4420000e-04
  -7.1315000e-04
  -6.7835000e-04
  -6.3055000e-04
  -5.8605000e-04
  -5.3090000e-04
  -4.5745500e-04
  -3.5517000e-04
  -2.0968000e-04
  -1.6739000e-06
   8.0005000e-06
   7.6700000e-04
   1.2109500e-03
   1.4054500e-03
   1.3860000e-03
   1.1628000e-03
   5.9095000e-04
  -1.2482500e-04
  -1.1359000e-03
  -2.5090500e-03
  -4.3042500e-03
  -6.4875000e-03
  -7.2370000e-03
  -1.1750500e-04
  -1.2242000e-04
  -1.1661500e-04
  -1.0893000e-04
  -9.3965000e-05
  -7.3705000e-05
  -4.7730500e-05
  -1.6845000e-05
   1.5411500e-05
   4.8852500e-05
   8.6145000e-05
   1.2220000e-04
   1.5354500e-04
   1.8035500e-04
   2.0855000e-04
   6.8645000e-03
   4.9897500e-03
   3.4100500e-03
   2.0611500e-03
   1.0106500e-03
   2.7502000e-04
  -2.1567500e-04
  -5.2720000e-04
  -7.1475000e-04
  -8.3555000e-04
  -8.7875000e-04
  -8.8995000e-04
  -8.7930000e-04
  -8.5530000e-04
  -8.2220000e-04
  -7.6955000e-04
  -7.1555000e-04
  -6.4585000e-04
  -5.5270000e-04
  -4.2507500e-04
  -2.4810000e-04
  -1.8262000e-06
   7.4830000e-06
   7.2705000e-04
   1.1473000e-03
   1.3258500e-03
   1.2966000e-03
   1.0744500e-03
   5.3615000e-04
  -1.0923000e-04
  -9.8400000e-04
  -2.0956000e-03
  -3.3549500e-03
  -4.4065500e-03
  -4.5845500e-03
  -9.4810000e-05
  -9.8795000e-05
  -9.4080000e-05
  -8.6565000e-05
  -7.2570000e-05
  -5.5580000e-05
  -3.3363500e-05
  -2.3978500e-06
   2.4742000e-05
   5.9400000e-05
   8.5320000e-05
   1.1592000e-04
   1.4693000e-04
   1.8917500e-04
   4.9722000e-03
   4.8427500e-03
   3.9806500e-03
   2.8963000e-03
   1.8660000e-03
   1.0097000e-03
   3.5353000e-04
  -1.2307000e-04
  -4.5212500e-04
  -6.6320000e-04
  -8.3445000e-04
  -8.9970000e-04
  -9.3310000e-04
  -9.4175000e-04
  -9.3150000e-04
  -9.0665000e-04
  -8.5715000e-04
  -7.9985000e-04
  -7.2215000e-04
  -6.1640000e-04
  -4.7174500e-04
  -2.7345500e-04
  -1.9011000e-06
   6.6235000e-06
   6.4420000e-04
   1.0110500e-03
   1.1527500e-03
   1.0999000e-03
   8.6930000e-04
   3.4835000e-04
  -2.4126000e-04
  -1.0029000e-03
  -1.6752500e-03
  -2.5657000e-03
  -3.4813500e-03
  -3.4954000e-03
  -2.7802000e-03
  -2.6396500e-04
  -7.9680000e-05
  -7.1645000e-05
  -6.0205000e-05
  -4.0466000e-05
  -2.2812500e-05
   3.2862500e-06
   3.4106500e-05
   6.0935000e-05
   8.8380000e-05
   1.2057000e-04
  -2.2135500e-04
   2.3879500e-03
   3.8993000e-03
   4.0079500e-03
   3.4830000e-03
   2.6940500e-03
   1.8691000e-03
   1.1328500e-03
   5.2800000e-04
   5.8395000e-05
  -2.8827000e-04
  -5.2680000e-04
  -7.5155000e-04
  -8.4300000e-04
  -9.0380000e-04
  -9.3685000e-04
  -9.4580000e-04
  -9.3465000e-04
  -8.9510000e-04
  -8.4030000e-04
  -7.6070000e-04
  -6.4925000e-04
  -4.9564500e-04
  -2.8602500e-04
  -1.9026000e-06
   5.5230000e-06
   5.2790000e-04
   8.1630000e-04
   9.0460000e-04
   8.1775000e-04
   5.7060000e-04
   1.7403000e-04
  -5.0290000e-04
  -1.0680500e-03
  -1.8001000e-03
  -2.5398500e-03
  -3.1242500e-03
  -3.2899500e-03
  -2.8554500e-03
  -1.2062500e-03
   8.3790000e-04
   3.3217000e-03
  -5.3335000e-05
  -3.6342000e-05
  -1.6109000e-05
   1.1193000e-05
   3.5412500e-05
   6.5850000e-05
  -2.6020500e-03
  -9.2860000e-04
   1.5703000e-03
   2.8631000e-03
   3.6427000e-03
   3.7827500e-03
   3.3631000e-03
   2.7159500e-03
   2.0117000e-03
   1.3500500e-03
   7.7705000e-04
   3.0759000e-04
  -5.7125000e-05
  -3.1991000e-04
  -5.9670000e-04
  -7.1950000e-04
  -8.1230000e-04
  -8.7330000e-04
  -9.0500000e-04
  -9.1160000e-04
  -8.8750000e-04
  -8.4005000e-04
  -7.6405000e-04
  -6.5320000e-04
  -4.9825000e-04
  -2.8665500e-04
  -1.8380500e-06
   4.3200000e-06
   3.8716500e-04
   5.8075000e-04
   6.0545000e-04
   4.7703500e-04
   2.0761000e-04
  -1.9447500e-04
  -8.5285000e-04
  -1.4002000e-03
  -2.0570000e-03
  -2.7080000e-03
  -3.2387500e-03
  -3.4638000e-03
  -3.2296500e-03
  -2.8148500e-03
  -1.3744500e-03
  -4.6511500e-04
   9.1865000e-04
   1.3011000e-03
   5.9010000e-04
  -2.2379500e-04
  -8.5315000e-04
  -1.1877000e-03
   4.8614000e-05
   1.4999500e-03
   2.8003500e-03
   3.5206000e-03
   3.9278000e-03
   3.8602000e-03
   3.4579000e-03
   2.8860500e-03
   2.2463500e-03
   1.6274000e-03
   1.0724500e-03
   5.9950000e-04
   2.2493500e-04
  -5.9625000e-05
  -3.8493000e-04
  -5.4440000e-04
  -6.7185000e-04
  -7.6160000e-04
  -8.1795000e-04
  -8.4480000e-04
  -8.4020000e-04
  -8.0395000e-04
  -7.3620000e-04
  -6.3145000e-04
  -4.8185000e-04
  -2.7665500e-04
  -1.7173500e-06
   2.7600500e-06
   1.9648500e-04
   2.5897500e-04
   1.9451500e-04
   8.9555000e-06
  -2.9079000e-04
  -6.9560000e-04
  -1.1936000e-03
  -1.7611000e-03
  -2.3658000e-03
  -2.9567000e-03
  -3.4523000e-03
  -3.7630500e-03
  -3.7020000e-03
  -3.3899000e-03
  -2.8985000e-03
  -1.9167000e-03
  -8.4895000e-04
  -5.4735000e-04
  -1.7283500e-04
   8.0065000e-05
   2.9168000e-04
   1.1309500e-03
   1.5868000e-03
   2.6678500e-03
   3.5769500e-03
   4.0037500e-03
   4.1629000e-03
   4.0207500e-03
   3.6261500e-03
   3.0991000e-03
   2.5121500e-03
   1.9269500e-03
   1.3857500e-03
   9.1600000e-04
   5.3670000e-04
   2.3261000e-04
  -1.3994500e-04
  -3.3716000e-04
  -4.9579500e-04
  -6.1350000e-04
  -6.9470000e-04
  -7.4285000e-04
  -7.3525000e-04
  -7.1690000e-04
  -6.6440000e-04
  -5.7365000e-04
  -4.3877000e-04
  -2.5157500e-04
  -1.5045000e-06
   1.5868500e-06
   4.3051500e-05
  -1.2084000e-06
  -1.3803500e-04
  -3.6891000e-04
  -6.9130000e-04
  -1.0983500e-03
  -1.5776500e-03
  -2.1120500e-03
  -2.6704000e-03
  -3.2082000e-03
  -3.6650000e-03
  -3.9722000e-03
  -4.0754500e-03
  -3.9180500e-03
  -3.4626500e-03
  -2.7963500e-03
  -2.0419000e-03
  -1.1471500e-03
  -5.1600000e-04
   2.0457000e-04
   1.1349000e-03
   1.8061000e-03
   2.6817000e-03
   3.2944000e-03
   3.9694500e-03
   4.2736000e-03
   4.3474000e-03
   4.1277000e-03
   3.7833500e-03
   3.3010000e-03
   2.7612000e-03
   2.2126000e-03
   1.6916000e-03
   1.2345500e-03
   8.5160000e-04
   5.2940000e-04
   1.1858500e-04
  -1.1133000e-04
  -2.9747500e-04
  -4.4083500e-04
  -5.4560000e-04
  -5.9375000e-04
  -6.2540000e-04
  -6.2310000e-04
  -5.8540000e-04
  -5.0950000e-04
  -3.9106000e-04
  -2.2416000e-04
  -1.3015000e-06
   5.3045000e-07
  -1.0292000e-04
  -2.4971000e-04
  -4.5568000e-04
  -7.2860000e-04
  -1.0700500e-03
  -1.4757000e-03
  -1.9350500e-03
  -2.4326000e-03
  -2.9425500e-03
  -3.4243000e-03
  -3.8320000e-03
  -4.1090500e-03
  -4.2112500e-03
  -4.1016500e-03
  -3.6207500e-03
  -3.1515000e-03
  -2.4085000e-03
  -1.5606500e-03
  -6.9460000e-04
   4.3117000e-04
   1.3019500e-03
   2.1860000e-03
   2.9440500e-03
   3.6324000e-03
   4.0971500e-03
   4.3604000e-03
   4.4130000e-03
   4.2102500e-03
   3.8697500e-03
   3.4579000e-03
   2.9686000e-03
   2.4604500e-03
   1.9724000e-03
   1.5321000e-03
   1.1497500e-03
   6.6400000e-04
   3.7223000e-04
   1.1893000e-04
  -8.9290000e-05
  -2.5486000e-04
  -3.6637500e-04
  -4.5106000e-04
  -5.0040000e-04
  -5.1465000e-04
  -4.9314000e-04
  -4.3418500e-04
  -3.3507500e-04
  -1.9219500e-04
  -1.0819000e-06
  -3.7979500e-07
  -2.3553000e-04
  -4.7622500e-04
  -7.4505000e-04
  -1.0548500e-03
  -1.4107000e-03
  -1.8109000e-03
  -2.2467500e-03
  -2.7035000e-03
  -3.1607500e-03
  -3.5852500e-03
  -3.9362000e-03
  -4.1680000e-03
  -4.2426000e-03
  -4.1295500e-03
  -3.6964500e-03
  -3.1221500e-03
  -2.5644500e-03
  -1.4706500e-03
  -5.4060000e-04
   4.1089000e-04
   1.3354500e-03
   2.2190000e-03
   3.0011500e-03
   3.6112000e-03
   4.0600500e-03
   4.3137000e-03
   4.3674500e-03
   4.2137500e-03
   3.9247000e-03
   3.5542000e-03
   3.1212500e-03
   2.6625000e-03
   2.2119500e-03
   1.7914500e-03
   1.4145500e-03
   9.2115000e-04
   6.1170000e-04
   3.4301000e-04
   1.1785000e-04
  -6.1910000e-05
  -2.0008500e-04
  -3.0184500e-04
  -3.6772000e-04
  -3.9825000e-04
  -3.9338000e-04
  -3.5246000e-04
  -2.7437500e-04
  -1.5768500e-04
  -8.5730000e-07
  -1.1318000e-06
  -3.5067500e-04
  -6.7340000e-04
  -9.9660000e-04
  -1.3368000e-03
  -1.7021500e-03
  -2.0930000e-03
  -2.5027500e-03
  -2.9178500e-03
  -3.3210500e-03
  -3.6870500e-03
  -3.9776000e-03
  -4.1580000e-03
  -4.1933500e-03
  -4.0599000e-03
  -3.6549000e-03
  -3.1088000e-03
  -2.4068500e-03
  -1.5220500e-03
  -7.5705000e-04
   3.9949000e-04
   1.2899500e-03
   2.1507000e-03
   2.8657500e-03
   3.4821000e-03
   3.9190000e-03
   4.1768000e-03
   4.2606500e-03
   4.1518500e-03
   3.9187500e-03
   3.5955000e-03
   3.2218000e-03
   2.8153500e-03
   2.4052500e-03
   2.0100000e-03
   1.6331000e-03
   1.1432500e-03
   8.2635000e-04
   5.4995000e-04
   3.0413000e-04
   1.1394000e-04
  -3.7326000e-05
  -1.5369000e-04
  -2.3444000e-04
  -2.8027000e-04
  -2.9165500e-04
  -2.6890500e-04
  -2.1234500e-04
  -1.2253000e-04
  -6.3835000e-07
  -1.7264000e-06
  -4.4582000e-04
  -8.3660000e-04
  -1.2041500e-03
  -1.5678000e-03
  -1.9376500e-03
  -2.3161500e-03
  -2.6983500e-03
  -3.0729500e-03
  -3.4234000e-03
  -3.7300000e-03
  -3.9640500e-03
  -4.0926000e-03
  -4.0871500e-03
  -3.8239000e-03
  -3.5409000e-03
  -3.0248000e-03
  -2.3704000e-03
  -1.6067500e-03
  -5.3335000e-04
   4.1703500e-04
   1.1527500e-03
   1.9431000e-03
   2.7279500e-03
   3.2933000e-03
   3.7198500e-03
   3.9863500e-03
   4.1051000e-03
   4.0419500e-03
   3.8643000e-03
   3.5901500e-03
   3.2732500e-03
   2.9180000e-03
   2.5464500e-03
   2.1703500e-03
   1.8033000e-03
   1.4536000e-03
   1.0165500e-03
   7.1265000e-04
   4.7721500e-04
   2.7791000e-04
   1.1500000e-04
  -1.3228500e-05
  -1.0676000e-04
  -1.6637500e-04
  -1.9297500e-04
  -1.8768000e-04
  -1.5207500e-04
  -8.8480000e-05
  -4.3428000e-07
  -2.1725500e-06
  -5.1965000e-04
  -9.6320000e-04
  -1.3644000e-03
  -1.7440500e-03
  -2.1140000e-03
  -2.4779000e-03
  -2.8325000e-03
  -3.1684500e-03
  -3.4710000e-03
  -3.7233000e-03
  -3.9029000e-03
  -3.9845500e-03
  -3.8670000e-03
  -3.6531000e-03
  -3.2386500e-03
  -2.7149000e-03
  -2.0670500e-03
  -1.3221000e-03
  -5.1410000e-04
   3.2678500e-04
   1.1685500e-03
   1.9405500e-03
   2.5959000e-03
   3.0634000e-03
   3.5112000e-03
   3.7571000e-03
   3.8680000e-03
   3.8561500e-03
   3.7412500e-03
   3.5405000e-03
   3.2729500e-03
   2.9611000e-03
   2.6221500e-03
   2.2716000e-03
   1.9237500e-03
   1.5904500e-03
   1.2387000e-03
   8.6400000e-04
   6.2640000e-04
   4.2189500e-04
   2.5120500e-04
   1.1397500e-04
   1.0010500e-05
  -6.1475000e-05
  -1.0170000e-04
  -1.1244000e-04
  -9.6295000e-05
  -5.7055000e-05
  -2.5312000e-07
  -2.4828500e-06
  -5.7175000e-04
  -1.0522000e-03
  -1.4759000e-03
  -1.8644000e-03
  -2.2303000e-03
  -2.5782500e-03
  -2.9063500e-03
  -3.2067500e-03
  -3.4671500e-03
  -3.6721500e-03
  -3.7896500e-03
  -3.7948000e-03
  -3.6891000e-03
  -3.4646500e-03
  -3.0612500e-03
  -2.5591000e-03
  -1.9489000e-03
  -1.2546000e-03
  -5.0590000e-04
   2.6358000e-04
   1.0255500e-03
   1.7300000e-03
   2.3514000e-03
   2.8648000e-03
   3.2544500e-03
   3.5163500e-03
   3.6547500e-03
   3.6796000e-03
   3.6051000e-03
   3.4477000e-03
   3.2227000e-03
   2.9495000e-03
   2.6444500e-03
   2.3239500e-03
   2.0013500e-03
   1.6312500e-03
   1.3414500e-03
   1.0735500e-03
   7.4785000e-04
   5.4175000e-04
   3.6682500e-04
   2.2345500e-04
   1.1155500e-04
   3.0385500e-05
  -2.1458000e-05
  -4.6224000e-05
  -4.7282000e-05
  -2.9547000e-05
  -1.0150500e-07
  -2.6694500e-06
  -6.0225000e-04
  -1.1036000e-03
  -1.5386500e-03
  -1.9290000e-03
  -2.2873000e-03
  -2.6187500e-03
  -2.9220500e-03
  -3.1909000e-03
  -3.4149000e-03
  -3.5809000e-03
  -3.6440500e-03
  -3.6196500e-03
  -3.4953000e-03
  -3.2637500e-03
  -2.8719000e-03
  -2.3948500e-03
  -1.8247000e-03
  -1.1817000e-03
  -4.9182000e-04
   2.1524000e-04
   9.0835000e-04
   1.5575000e-03
   2.1362500e-03
   2.6229000e-03
   3.0035500e-03
   3.2725000e-03
   3.4295000e-03
   3.4818000e-03
   3.4394000e-03
   3.3181000e-03
   3.1303500e-03
   2.8934000e-03
   2.6232000e-03
   2.3337000e-03
   1.9683000e-03
   1.6817500e-03
   1.4067500e-03
   1.1492500e-03
   8.3905000e-04
   6.3460000e-04
   4.5855000e-04
   3.1183500e-04
   1.9456500e-04
   1.0609500e-04
   4.4945000e-05
   8.5935000e-06
  -6.8210000e-06
  -6.9625000e-06
   1.5123000e-08
  -2.7411000e-06
  -6.1145000e-04
  -1.1180000e-03
  -1.5535500e-03
  -1.9391000e-03
  -2.2867500e-03
  -2.6015000e-03
  -2.8824000e-03
  -3.1239500e-03
  -3.3175000e-03
  -3.4345000e-03
  -3.4724500e-03
  -3.4271500e-03
  -3.2904500e-03
  -3.0575500e-03
  -2.7281000e-03
  -2.2317500e-03
  -1.7015000e-03
  -1.1087500e-03
  -4.7605500e-04
   1.7108500e-04
   8.0600000e-04
   1.4029000e-03
   1.9390000e-03
   2.3959500e-03
   2.7609000e-03
   3.0270500e-03
   3.1935000e-03
   3.2645000e-03
   3.2485000e-03
   3.1569500e-03
   3.0030000e-03
   2.8004500e-03
   2.5629000e-03
   2.2246000e-03
   1.9588000e-03
   1.6928500e-03
   1.4343500e-03
   1.1895000e-03
   9.6310000e-04
   7.5875000e-04
   5.2415000e-04
   3.7681000e-04
   2.5676000e-04
   1.6349000e-04
   9.5555000e-05
   5.0355000e-05
   2.3830000e-05
   9.9765000e-06
   9.2365000e-08
  -2.6997000e-06
  -5.9970000e-04
  -1.0960500e-03
  -1.5218500e-03
  -1.8965000e-03
  -2.2309000e-03
  -2.5290500e-03
  -2.7899000e-03
  -3.0179000e-03
  -3.1671000e-03
  -3.2555000e-03
  -3.2742000e-03
  -3.2153000e-03
  -3.0730000e-03
  -2.8443500e-03
  -2.5303000e-03
  -2.1363000e-03
  -1.5791000e-03
  -1.0354000e-03
  -4.5762000e-04
   1.3225500e-04
   7.1135000e-04
   1.2576500e-03
   1.7514000e-03
   2.1765000e-03
   2.5213500e-03
   2.7794500e-03
   2.9489500e-03
   3.0327000e-03
   3.0370500e-03
   2.9712000e-03
   2.8461000e-03
   2.6735500e-03
   2.3813500e-03
   2.1515500e-03
   1.9098500e-03
   1.6649000e-03
   1.4242000e-03
   1.1939000e-03
   9.7895000e-04
   7.8310000e-04
   6.0910000e-04
   4.1709500e-04
   2.9687500e-04
   2.0138500e-04
   1.2930000e-04
   7.8155000e-05
   4.3982000e-05
   2.0865000e-05
   1.2679000e-07
  -2.5371000e-06
  -5.6725000e-04
  -1.0387000e-03
  -1.4450500e-03
  -1.8033500e-03
  -2.1221500e-03
  -2.4039500e-03
  -2.6468500e-03
  -2.8393000e-03
  -2.9701500e-03
  -3.0419500e-03
  -3.0478000e-03
  -2.9818000e-03
  -2.8399500e-03
  -2.6207500e-03
  -2.3261500e-03
  -1.9616000e-03
  -1.5363500e-03
  -9.5960000e-04
  -4.3518500e-04
   9.9340000e-05
   6.2440000e-04
   1.1210500e-03
   1.5723000e-03
   1.9639500e-03
   2.2857500e-03
   2.5313500e-03
   2.6985500e-03
   2.7890500e-03
   2.8076000e-03
   2.7616500e-03
   2.6602500e-03
   2.4272000e-03
   2.2448500e-03
   2.0400000e-03
   1.8217500e-03
   1.5982000e-03
   1.3765000e-03
   1.1625500e-03
   9.6130000e-04
   7.7650000e-04
   6.1090000e-04
   4.6648000e-04
   3.1465500e-04
   2.1958500e-04
   1.4606500e-04
   9.1910000e-05
   5.3565000e-05
   2.5640500e-05
   1.1590000e-07
  -2.1337000e-06
  -4.9848000e-04
  -9.1970000e-04
  -1.2900000e-03
  -1.6212500e-03
  -1.9176500e-03
  -2.1785500e-03
  -2.4484000e-03
  -2.6152500e-03
  -2.7315000e-03
  -2.7914500e-03
  -2.7897500e-03
  -2.7221500e-03
  -2.5861000e-03
  -2.3813000e-03
  -2.1102000e-03
  -1.7781000e-03
  -1.3936000e-03
  -9.6800000e-04
  -3.9947500e-04
   6.6595000e-05
   5.2460000e-04
   9.5895000e-04
   1.3555500e-03
   1.7024500e-03
   1.9908000e-03
   2.2149000e-03
   2.3722500e-03
   2.4636000e-03
   2.4923000e-03
   2.4640000e-03
   2.3583000e-03
   2.2298000e-03
   2.0707000e-03
   1.8894500e-03
   1.6943500e-03
   1.4928000e-03
   1.2914000e-03
   1.0957500e-03
   9.1055000e-04
   7.3945000e-04
   5.8515000e-04
   4.4957000e-04
   3.0733000e-04
   2.1653500e-04
   1.4497500e-04
   9.1015000e-05
   5.1955000e-05
   2.3709000e-05
   3.8162500e-08
  -1.5870500e-06
  -4.2011500e-04
  -7.8710000e-04
  -1.1203000e-03
  -1.4250500e-03
  -1.7005000e-03
  -1.9431500e-03
  -2.1922000e-03
  -2.3441000e-03
  -2.4479500e-03
  -2.4992500e-03
  -2.4940500e-03
  -2.4295000e-03
  -2.3041500e-03
  -2.1185000e-03
  -1.8751500e-03
  -1.5793500e-03
  -1.2386000e-03
  -8.6295000e-04
  -3.6252000e-04
   4.7181500e-05
   4.4985000e-04
   8.3220000e-04
   1.1822500e-03
   1.4897000e-03
   1.7468500e-03
   1.9485500e-03
   2.0923500e-03
   2.1786000e-03
   2.2098000e-03
   2.1905000e-03
   2.1035000e-03
   1.9941000e-03
   1.8566000e-03
   1.6983500e-03
   1.5267000e-03
   1.3483000e-03
   1.1690000e-03
   9.9405000e-04
   8.2765000e-04
   6.7320000e-04
   5.3325000e-04
   4.0967500e-04
   2.7909000e-04
   1.9499500e-04
   1.2816000e-04
   7.7480000e-05
   4.1172000e-05
   1.6620500e-05
  -7.6590000e-08
  -7.5870000e-07
  -3.2270000e-04
  -6.2585000e-04
  -9.1645000e-04
  -1.1902500e-03
  -1.4406500e-03
  -1.6613500e-03
  -1.8862000e-03
  -2.0219000e-03
  -2.1135000e-03
  -2.1577000e-03
  -2.1519000e-03
  -2.0942500e-03
  -1.9841500e-03
  -1.8225000e-03
  -1.6120000e-03
  -1.3573000e-03
  -1.0650500e-03
  -7.4365000e-04
  -3.1639000e-04
   3.3038500e-05
   3.7644000e-04
   7.0275000e-04
   1.0019000e-03
   1.2653500e-03
   1.4864500e-03
   1.6608500e-03
   1.7862500e-03
   1.8627500e-03
   1.8923000e-03
   1.8785500e-03
   1.8070500e-03
   1.7153000e-03
   1.5988500e-03
   1.4640500e-03
   1.3171500e-03
   1.1638500e-03
   1.0093500e-03
   8.5810000e-04
   7.1390000e-04
   5.7965000e-04
   4.5767500e-04
   3.4954000e-04
   2.3474000e-04
   1.6037500e-04
   1.0103500e-04
   5.6165000e-05
   2.4918500e-05
   6.3945000e-06
  -2.3089000e-07
   4.7406000e-07
  -2.1013500e-04
  -4.4391500e-04
  -6.8710000e-04
  -9.2370000e-04
  -1.1416500e-03
  -1.3330000e-03
  -1.5261500e-03
  -1.6415500e-03
  -1.7187500e-03
  -1.7557500e-03
  -1.7510000e-03
  -1.7035000e-03
  -1.6131000e-03
  -1.4809000e-03
  -1.3093500e-03
  -1.1022500e-03
  -8.6515000e-04
  -6.0485000e-04
  -2.5925500e-04
   2.3150000e-05
   3.0060500e-04
   5.6430000e-04
   8.0610000e-04
   1.0192500e-03
   1.1984000e-03
   1.3399000e-03
   1.4419500e-03
   1.5044500e-03
   1.5289500e-03
   1.5183500e-03
   1.4608500e-03
   1.3866500e-03
   1.2922000e-03
   1.1827000e-03
   1.0631500e-03
   9.3830000e-04
   8.1235000e-04
   6.8895000e-04
   5.7120000e-04
   4.6145000e-04
   3.6160500e-04
   2.7292000e-04
   1.7850000e-04
   1.1712000e-04
   6.8095000e-05
   3.1351500e-05
   6.9320000e-06
  -4.5268500e-06
  -4.0635500e-07
   2.2317000e-06
  -9.3390000e-05
  -2.5703000e-04
  -4.4589000e-04
  -6.3355000e-04
  -8.0560000e-04
  -9.5485000e-04
  -1.1034500e-03
  -1.1913000e-03
  -1.2497500e-03
  -1.2778000e-03
  -1.2748000e-03
  -1.2402500e-03
  -1.1743500e-03
  -1.0779000e-03
  -9.5285000e-04
  -8.0210000e-04
  -6.2955000e-04
  -4.4027000e-04
  -1.8912000e-04
   1.5981500e-05
   2.1739500e-04
   4.0871000e-04
   5.8410000e-04
   7.3855000e-04
   8.6820000e-04
   9.7045000e-04
   1.0439500e-03
   1.0886500e-03
   1.1056500e-03
   1.0970500e-03
   1.0541500e-03
   9.9930000e-04
   9.2975000e-04
   8.4930000e-04
   7.6170000e-04
   6.7025000e-04
   5.7815000e-04
   4.8802000e-04
   4.0209000e-04
   3.2210000e-04
   2.4935000e-04
   1.8472000e-04
   1.1581500e-04
   7.0930000e-05
   3.5082500e-05
   8.5745000e-06
  -7.8345000e-06
  -1.2516000e-05
  -5.4515000e-07
   4.0325000e-06
  -3.8341000e-07
  -9.3360000e-05
  -2.1105000e-04
  -3.2663000e-04
  -4.2996000e-04
  -5.1765000e-04
  -6.0340000e-04
  -6.5355000e-04
  -6.8675000e-04
  -7.0285000e-04
  -7.0155000e-04
  -6.8275000e-04
  -6.4660000e-04
  -5.9360000e-04
  -5.2475000e-04
  -4.4169000e-04
  -3.4658500e-04
  -2.4221000e-04
  -1.0372500e-04
   9.3350000e-06
   1.2028500e-04
   2.2556500e-04
   3.2192000e-04
   4.0658500e-04
   4.7742000e-04
   5.3300000e-04
   5.7255000e-04
   5.9615000e-04
   6.0440000e-04
   5.9855000e-04
   5.7350000e-04
   5.4225000e-04
   5.0300000e-04
   4.5791000e-04
   4.0900000e-04
   3.5819500e-04
   3.0718500e-04
   2.5743500e-04
   2.1015000e-04
   1.6625500e-04
   1.2643000e-04
   9.1105000e-05
   5.3460000e-05
   2.8888000e-05
   9.2140000e-06
  -5.2060000e-06
  -1.3279000e-05
  -1.2738500e-05
  -4.2192000e-07
  -6.0025000e-07
   4.0385500e-06
   2.2634000e-06
   5.3605000e-07
  -6.7990000e-07
  -1.5150500e-06
  -2.0965500e-06
  -2.5856000e-06
  -2.8489500e-06
  -3.0210000e-06
  -3.1121500e-06
  -3.1255500e-06
  -3.0604500e-06
  -2.9151500e-06
  -2.6891000e-06
  -2.3843000e-06
  -2.0065500e-06
  -1.5655500e-06
  -1.0753000e-06
  -4.2002500e-07
   1.1480000e-07
   6.3555000e-07
   1.1218000e-06
   1.5552000e-06
   1.9208500e-06
   2.2079000e-06
   2.4102000e-06
   2.5263000e-06
   2.5592500e-06
   2.5157000e-06
   2.4052500e-06
   2.1896500e-06
   1.9729500e-06
   1.7294000e-06
   1.4709000e-06
   1.2083000e-06
   9.5080000e-07
   7.0595000e-07
   4.7948000e-07
   2.7541000e-07
   9.5980000e-08
  -5.8290000e-08
  -1.8866000e-07
  -3.2337500e-07
  -4.1388000e-07
  -4.9607000e-07
  -5.7135000e-07
  -6.1190000e-07
  -4.3064000e-07
   1.8888500e-07
