   2.1516000e-02
   2.2802000e-02
   2.3945000e-02
   2.4977000e-02
   2.5933000e-02
   2.6853000e-02
   2.7770000e-02
   2.8963000e-02
   2.9985000e-02
   3.1086000e-02
   3.2273000e-02
   3.3542000e-02
   3.4877000e-02
   3.6247000e-02
   3.7609000e-02
   3.8911000e-02
   4.0093000e-02
   4.1094000e-02
   4.1860000e-02
   4.2429000e-02
   4.2527000e-02
   4.2309000e-02
   4.1794000e-02
   4.1019000e-02
   4.0035000e-02
   3.8905000e-02
   3.7691000e-02
   3.6456000e-02
   3.5253000e-02
   3.4126000e-02
   3.3108000e-02
   3.2025000e-02
   3.1312000e-02
   3.0740000e-02
   3.0302000e-02
   2.9984000e-02
   2.9773000e-02
   2.9652000e-02
   2.9604000e-02
   2.9610000e-02
   2.9655000e-02
   2.9722000e-02
   2.9794000e-02
   2.9868000e-02
   2.9894000e-02
   2.9873000e-02
   2.9786000e-02
   2.9615000e-02
   2.9338000e-02
   2.8932000e-02
   2.1551000e-02
   2.2831000e-02
   2.3966000e-02
   2.4988000e-02
   2.5935000e-02
   2.6844000e-02
   2.7752000e-02
   2.8935000e-02
   2.9949000e-02
   3.1045000e-02
   3.2229000e-02
   3.3498000e-02
   3.4836000e-02
   3.6212000e-02
   3.7583000e-02
   3.8895000e-02
   4.0088000e-02
   4.1101000e-02
   4.1875000e-02
   4.2451000e-02
   4.2550000e-02
   4.2329000e-02
   4.1807000e-02
   4.1023000e-02
   4.0029000e-02
   3.8887000e-02
   3.7664000e-02
   3.6421000e-02
   3.5213000e-02
   3.4084000e-02
   3.3066000e-02
   3.1986000e-02
   3.1278000e-02
   3.0711000e-02
   3.0278000e-02
   2.9966000e-02
   2.9760000e-02
   2.9644000e-02
   2.9599000e-02
   2.9610000e-02
   2.9658000e-02
   2.9727000e-02
   2.9801000e-02
   2.9879000e-02
   2.9907000e-02
   2.9889000e-02
   2.9805000e-02
   2.9637000e-02
   2.9365000e-02
   2.8964000e-02
   2.1657000e-02
   2.2920000e-02
   2.4029000e-02
   2.5023000e-02
   2.5940000e-02
   2.6820000e-02
   2.7699000e-02
   2.8850000e-02
   2.9844000e-02
   3.0924000e-02
   3.2099000e-02
   3.3368000e-02
   3.4714000e-02
   3.6107000e-02
   3.7503000e-02
   3.8846000e-02
   4.0073000e-02
   4.1117000e-02
   4.1918000e-02
   4.2514000e-02
   4.2616000e-02
   4.2386000e-02
   4.1845000e-02
   4.1033000e-02
   4.0007000e-02
   3.8834000e-02
   3.7582000e-02
   3.6325000e-02
   3.5095000e-02
   3.3958000e-02
   3.2940000e-02
   3.1870000e-02
   3.1174000e-02
   3.0623000e-02
   3.0207000e-02
   2.9911000e-02
   2.9721000e-02
   2.9619000e-02
   2.9587000e-02
   2.9608000e-02
   2.9666000e-02
   2.9743000e-02
   2.9825000e-02
   2.9910000e-02
   2.9946000e-02
   2.9935000e-02
   2.9860000e-02
   2.9704000e-02
   2.9444000e-02
   2.9058000e-02
   2.1839000e-02
   2.3069000e-02
   2.4137000e-02
   2.5084000e-02
   2.5952000e-02
   2.6783000e-02
   2.7615000e-02
   2.8714000e-02
   2.9672000e-02
   3.0725000e-02
   3.1886000e-02
   3.3153000e-02
   3.4512000e-02
   3.5933000e-02
   3.7370000e-02
   3.8763000e-02
   4.0042000e-02
   4.1137000e-02
   4.1980000e-02
   4.2608000e-02
   4.2715000e-02
   4.2472000e-02
   4.1900000e-02
   4.1044000e-02
   3.9968000e-02
   3.8743000e-02
   3.7445000e-02
   3.6150000e-02
   3.4901000e-02
   3.3752000e-02
   3.2735000e-02
   3.1681000e-02
   3.1007000e-02
   3.0482000e-02
   3.0093000e-02
   2.9825000e-02
   2.9661000e-02
   2.9582000e-02
   2.9570000e-02
   2.9609000e-02
   2.9681000e-02
   2.9771000e-02
   2.9864000e-02
   2.9964000e-02
   3.0010000e-02
   3.0012000e-02
   2.9952000e-02
   2.9813000e-02
   2.9575000e-02
   2.9215000e-02
   2.2104000e-02
   2.3285000e-02
   2.4292000e-02
   2.5173000e-02
   2.5973000e-02
   2.6737000e-02
   2.7505000e-02
   2.8531000e-02
   2.9441000e-02
   3.0457000e-02
   3.1596000e-02
   3.2859000e-02
   3.4235000e-02
   3.5692000e-02
   3.7183000e-02
   3.8641000e-02
   3.9990000e-02
   4.1150000e-02
   4.2046000e-02
   4.2716000e-02
   4.2829000e-02
   4.2569000e-02
   4.1958000e-02
   4.1047000e-02
   3.9905000e-02
   3.8613000e-02
   3.7254000e-02
   3.5906000e-02
   3.4630000e-02
   3.3469000e-02
   3.2457000e-02
   3.1428000e-02
   3.0785000e-02
   3.0295000e-02
   2.9945000e-02
   2.9715000e-02
   2.9585000e-02
   2.9538000e-02
   2.9553000e-02
   2.9615000e-02
   2.9707000e-02
   2.9814000e-02
   2.9922000e-02
   3.0039000e-02
   3.0101000e-02
   3.0119000e-02
   3.0079000e-02
   2.9964000e-02
   2.9755000e-02
   2.9431000e-02
   2.2460000e-02
   2.3572000e-02
   2.4499000e-02
   2.5295000e-02
   2.6009000e-02
   2.6689000e-02
   2.7377000e-02
   2.8312000e-02
   2.9160000e-02
   3.0130000e-02
   3.1240000e-02
   3.2498000e-02
   3.3893000e-02
   3.5394000e-02
   3.6947000e-02
   3.8480000e-02
   3.9907000e-02
   4.1138000e-02
   4.2089000e-02
   4.2801000e-02
   4.2922000e-02
   4.2646000e-02
   4.1998000e-02
   4.1029000e-02
   3.9815000e-02
   3.8446000e-02
   3.7015000e-02
   3.5607000e-02
   3.4293000e-02
   3.3119000e-02
   3.2115000e-02
   3.1120000e-02
   3.0517000e-02
   3.0074000e-02
   2.9772000e-02
   2.9589000e-02
   2.9503000e-02
   2.9494000e-02
   2.9542000e-02
   2.9631000e-02
   2.9746000e-02
   2.9873000e-02
   2.9999000e-02
   3.0137000e-02
   3.0217000e-02
   3.0255000e-02
   3.0240000e-02
   3.0155000e-02
   2.9983000e-02
   2.9704000e-02
   2.2915000e-02
   2.3934000e-02
   2.4761000e-02
   2.5454000e-02
   2.6067000e-02
   2.6648000e-02
   2.7241000e-02
   2.8070000e-02
   2.8846000e-02
   2.9760000e-02
   3.0835000e-02
   3.2099000e-02
   3.3522000e-02
   3.5087000e-02
   3.6723000e-02
   3.8331000e-02
   3.9814000e-02
   4.1079000e-02
   4.2060000e-02
   4.2797000e-02
   4.2926000e-02
   4.2648000e-02
   4.1980000e-02
   4.0972000e-02
   3.9672000e-02
   3.8214000e-02
   3.6684000e-02
   3.5280000e-02
   3.3919000e-02
   3.2725000e-02
   3.1727000e-02
   3.0773000e-02
   3.0219000e-02
   2.9832000e-02
   2.9588000e-02
   2.9460000e-02
   2.9424000e-02
   2.9458000e-02
   2.9544000e-02
   2.9664000e-02
   2.9804000e-02
   2.9952000e-02
   3.0097000e-02
   3.0258000e-02
   3.0358000e-02
   3.0420000e-02
   3.0432000e-02
   3.0382000e-02
   3.0254000e-02
   3.0030000e-02
   2.3637000e-02
   2.4502000e-02
   2.5173000e-02
   2.5713000e-02
   2.6179000e-02
   2.6619000e-02
   2.7080000e-02
   2.7820000e-02
   2.8518000e-02
   2.9378000e-02
   3.0420000e-02
   3.1531000e-02
   3.3157000e-02
   3.4881000e-02
   3.6656000e-02
   3.8015000e-02
   3.9753000e-02
   4.0939000e-02
   4.1990000e-02
   4.2472000e-02
   4.2589000e-02
   4.2362000e-02
   4.1822000e-02
   4.0786000e-02
   3.9520000e-02
   3.8015000e-02
   3.6459000e-02
   3.4892000e-02
   3.3541000e-02
   3.2317000e-02
   3.1113000e-02
   3.0406000e-02
   2.9907000e-02
   2.9585000e-02
   2.9406000e-02
   2.9340000e-02
   2.9359000e-02
   2.9440000e-02
   2.9565000e-02
   2.9717000e-02
   2.9884000e-02
   3.0054000e-02
   3.0218000e-02
   3.0444000e-02
   3.0569000e-02
   3.0662000e-02
   3.0714000e-02
   3.0714000e-02
   3.0649000e-02
   3.0506000e-02
   2.4336000e-02
   2.5045000e-02
   2.5568000e-02
   2.5970000e-02
   2.6307000e-02
   2.6625000e-02
   2.6971000e-02
   2.7397000e-02
   2.8202000e-02
   2.8786000e-02
   2.9786000e-02
   3.1043000e-02
   3.2596000e-02
   3.4239000e-02
   3.6193000e-02
   3.8229000e-02
   3.9409000e-02
   4.0679000e-02
   4.1439000e-02
   4.1694000e-02
   4.1722000e-02
   4.1756000e-02
   4.1322000e-02
   4.0687000e-02
   3.9631000e-02
   3.8120000e-02
   3.6387000e-02
   3.4687000e-02
   3.2874000e-02
   3.1660000e-02
   3.0718000e-02
   3.0040000e-02
   2.9600000e-02
   2.9348000e-02
   2.9242000e-02
   2.9242000e-02
   2.9319000e-02
   2.9449000e-02
   2.9613000e-02
   2.9797000e-02
   2.9989000e-02
   3.0264000e-02
   3.0448000e-02
   3.0617000e-02
   3.0763000e-02
   3.0882000e-02
   3.0967000e-02
   3.1010000e-02
   3.1002000e-02
   3.0930000e-02
   2.5143000e-02
   2.5665000e-02
   2.6021000e-02
   2.6273000e-02
   2.6473000e-02
   2.6664000e-02
   2.6891000e-02
   2.7209000e-02
   2.7676000e-02
   2.8453000e-02
   2.9440000e-02
   3.0747000e-02
   3.2341000e-02
   3.4671000e-02
   3.6622000e-02
   3.8571000e-02
   3.9655000e-02
   4.0064000e-02
   4.0053000e-02
   4.0016000e-02
   3.9591000e-02
   4.0219000e-02
   4.0825000e-02
   4.0552000e-02
   3.9678000e-02
   3.7968000e-02
   3.6595000e-02
   3.4676000e-02
   3.2619000e-02
   3.1315000e-02
   3.0351000e-02
   2.9698000e-02
   2.9314000e-02
   2.9138000e-02
   2.9107000e-02
   2.9178000e-02
   2.9315000e-02
   2.9493000e-02
   2.9695000e-02
   2.9907000e-02
   3.0215000e-02
   3.0426000e-02
   3.0626000e-02
   3.0810000e-02
   3.0977000e-02
   3.1121000e-02
   3.1240000e-02
   3.1329000e-02
   3.1380000e-02
   3.1386000e-02
   2.6050000e-02
   2.6354000e-02
   2.6526000e-02
   2.6620000e-02
   2.6677000e-02
   2.6739000e-02
   2.6847000e-02
   2.7050000e-02
   2.7616000e-02
   2.8128000e-02
   2.9220000e-02
   3.0605000e-02
   3.2477000e-02
   3.5281000e-02
   3.7581000e-02
   3.9344000e-02
   4.0166000e-02
   3.9537000e-02
   1.3079000e-02
   1.3119000e-02
   1.3159000e-02
   1.3201000e-02
   1.3187000e-02
   4.0762000e-02
   4.0588000e-02
   3.8994000e-02
   3.6761000e-02
   3.5028000e-02
   3.2526000e-02
   3.1060000e-02
   3.0028000e-02
   2.9391000e-02
   2.9068000e-02
   2.8968000e-02
   2.9017000e-02
   2.9158000e-02
   2.9352000e-02
   2.9576000e-02
   2.9812000e-02
   3.0152000e-02
   3.0388000e-02
   3.0612000e-02
   3.0824000e-02
   3.1023000e-02
   3.1207000e-02
   3.1376000e-02
   3.1529000e-02
   3.1664000e-02
   3.1778000e-02
   3.1866000e-02
   2.7039000e-02
   2.7099000e-02
   2.7073000e-02
   2.7003000e-02
   2.6917000e-02
   2.6847000e-02
   2.6832000e-02
   2.6921000e-02
   2.7347000e-02
   2.7964000e-02
   2.9117000e-02
   3.0696000e-02
   3.2941000e-02
   3.6887000e-02
   3.9784000e-02
   1.2734000e-02
   1.2823000e-02
   1.2886000e-02
   1.2983000e-02
   1.3015000e-02
   1.3052000e-02
   1.3095000e-02
   1.3085000e-02
   1.3101000e-02
   1.3075000e-02
   4.1568000e-02
   3.8420000e-02
   3.6035000e-02
   3.3246000e-02
   3.0876000e-02
   2.9739000e-02
   2.9117000e-02
   2.8862000e-02
   2.8848000e-02
   2.8978000e-02
   2.9191000e-02
   2.9440000e-02
   2.9703000e-02
   2.9967000e-02
   3.0339000e-02
   3.0585000e-02
   3.0819000e-02
   3.1040000e-02
   3.1249000e-02
   3.1450000e-02
   3.1642000e-02
   3.1828000e-02
   3.2009000e-02
   3.2186000e-02
   3.2358000e-02
   2.8085000e-02
   2.7880000e-02
   2.7649000e-02
   2.7412000e-02
   2.7182000e-02
   2.6980000e-02
   2.6833000e-02
   2.6793000e-02
   2.6948000e-02
   2.7691000e-02
   2.8956000e-02
   3.0765000e-02
   3.3666000e-02
   3.9282000e-02
   1.2574000e-02
   1.2640000e-02
   1.2718000e-02
   1.2811000e-02
   1.2877000e-02
   1.2918000e-02
   1.2959000e-02
   1.2968000e-02
   1.2987000e-02
   1.3002000e-02
   1.3000000e-02
   1.2979000e-02
   1.2958000e-02
   3.7165000e-02
   3.3523000e-02
   3.0680000e-02
   2.9434000e-02
   2.8845000e-02
   2.8679000e-02
   2.8765000e-02
   2.8986000e-02
   2.9270000e-02
   2.9573000e-02
   2.9872000e-02
   3.0279000e-02
   3.0550000e-02
   3.0804000e-02
   3.1042000e-02
   3.1268000e-02
   3.1486000e-02
   3.1699000e-02
   3.1913000e-02
   3.2130000e-02
   3.2356000e-02
   3.2596000e-02
   3.2853000e-02
   2.9153000e-02
   2.8674000e-02
   2.8235000e-02
   2.7832000e-02
   2.7461000e-02
   2.7123000e-02
   2.6834000e-02
   2.6632000e-02
   2.6723000e-02
   2.7006000e-02
   2.8280000e-02
   3.0564000e-02
   3.5593000e-02
   1.2376000e-02
   1.2482000e-02
   1.2544000e-02
   1.2629000e-02
   1.2710000e-02
   1.2768000e-02
   1.2809000e-02
   1.2855000e-02
   1.2891000e-02
   1.2893000e-02
   1.2909000e-02
   1.2903000e-02
   1.2914000e-02
   1.2895000e-02
   1.2867000e-02
   3.3758000e-02
   3.0463000e-02
   2.8957000e-02
   2.8416000e-02
   2.8484000e-02
   2.8701000e-02
   2.9025000e-02
   2.9386000e-02
   2.9741000e-02
   3.0073000e-02
   3.0504000e-02
   3.0779000e-02
   3.1035000e-02
   3.1274000e-02
   3.1502000e-02
   3.1725000e-02
   3.1950000e-02
   3.2182000e-02
   3.2429000e-02
   3.2699000e-02
   3.2998000e-02
   3.3338000e-02
   3.0206000e-02
   2.9452000e-02
   2.8811000e-02
   2.8248000e-02
   2.7736000e-02
   2.7258000e-02
   2.6819000e-02
   2.6426000e-02
   2.6062000e-02
   2.6181000e-02
   2.7117000e-02
   2.9874000e-02
   1.2233000e-02
   1.2315000e-02
   1.2386000e-02
   1.2463000e-02
   1.2544000e-02
   1.2600000e-02
   1.2668000e-02
   1.2712000e-02
   1.2748000e-02
   1.2791000e-02
   1.2807000e-02
   1.2821000e-02
   1.2833000e-02
   1.2822000e-02
   1.2820000e-02
   1.2813000e-02
   3.2775000e-02
   2.8835000e-02
   2.7930000e-02
   2.7811000e-02
   2.8085000e-02
   2.8515000e-02
   2.9085000e-02
   2.9523000e-02
   2.9929000e-02
   3.0291000e-02
   3.0738000e-02
   3.1016000e-02
   3.1270000e-02
   3.1507000e-02
   3.1735000e-02
   3.1961000e-02
   3.2195000e-02
   3.2444000e-02
   3.2718000e-02
   3.3028000e-02
   3.3385000e-02
   3.3803000e-02
   3.1198000e-02
   3.0185000e-02
   2.9354000e-02
   2.8641000e-02
   2.7994000e-02
   2.7369000e-02
   2.6757000e-02
   2.5902000e-02
   2.5284000e-02
   2.4804000e-02
   2.4627000e-02
   1.2113000e-02
   1.2187000e-02
   1.2244000e-02
   1.2333000e-02
   1.2398000e-02
   1.2466000e-02
   1.2514000e-02
   1.2586000e-02
   1.2622000e-02
   1.2658000e-02
   1.2711000e-02
   1.2722000e-02
   1.2746000e-02
   1.2751000e-02
   1.2759000e-02
   1.2759000e-02
   1.2755000e-02
   1.2746000e-02
   2.6621000e-02
   2.6469000e-02
   2.6835000e-02
   2.7810000e-02
   2.8485000e-02
   2.9013000e-02
   2.9661000e-02
   3.0121000e-02
   3.0510000e-02
   3.0949000e-02
   3.1236000e-02
   3.1499000e-02
   3.1732000e-02
   3.1958000e-02
   3.2186000e-02
   3.2428000e-02
   3.2692000e-02
   3.2991000e-02
   3.3337000e-02
   3.3746000e-02
   3.4237000e-02
   3.2087000e-02
   3.0843000e-02
   2.9843000e-02
   2.8996000e-02
   2.8222000e-02
   2.7452000e-02
   2.6634000e-02
   2.5333000e-02
   2.4474000e-02
   2.2726000e-02
   2.1389000e-02
   1.2073000e-02
   1.2122000e-02
   1.2199000e-02
   1.2250000e-02
   1.2316000e-02
   1.2379000e-02
   1.2446000e-02
   1.2495000e-02
   1.2550000e-02
   1.2586000e-02
   1.2629000e-02
   1.2639000e-02
   1.2663000e-02
   1.2685000e-02
   1.2696000e-02
   1.2703000e-02
   1.2701000e-02
   1.2695000e-02
   2.3056000e-02
   2.4196000e-02
   2.5997000e-02
   2.7123000e-02
   2.8111000e-02
   2.9160000e-02
   2.9793000e-02
   3.0304000e-02
   3.0811000e-02
   3.1154000e-02
   3.1444000e-02
   3.1698000e-02
   3.1938000e-02
   3.2163000e-02
   3.2393000e-02
   3.2641000e-02
   3.2919000e-02
   3.3239000e-02
   3.3618000e-02
   3.4074000e-02
   3.4628000e-02
   3.2833000e-02
   3.1400000e-02
   3.0262000e-02
   2.9301000e-02
   2.8416000e-02
   2.7509000e-02
   2.6478000e-02
   2.5184000e-02
   2.3399000e-02
   2.1199000e-02
   1.2000000e-02
   1.2034000e-02
   1.2090000e-02
   1.2128000e-02
   1.2197000e-02
   1.2254000e-02
   1.2324000e-02
   1.2371000e-02
   1.2412000e-02
   1.2461000e-02
   1.2515000e-02
   1.2553000e-02
   1.2569000e-02
   1.2610000e-02
   1.2617000e-02
   1.2628000e-02
   1.2636000e-02
   1.2651000e-02
   1.2653000e-02
   1.2658000e-02
   2.1289000e-02
   2.4529000e-02
   2.6223000e-02
   2.8140000e-02
   2.9101000e-02
   2.9812000e-02
   3.0472000e-02
   3.0976000e-02
   3.1325000e-02
   3.1618000e-02
   3.1871000e-02
   3.2102000e-02
   3.2341000e-02
   3.2574000e-02
   3.2829000e-02
   3.3119000e-02
   3.3459000e-02
   3.3866000e-02
   3.4361000e-02
   3.4968000e-02
   3.3404000e-02
   3.1835000e-02
   3.0595000e-02
   2.9548000e-02
   2.8575000e-02
   2.7556000e-02
   2.6354000e-02
   2.4254000e-02
   2.1979000e-02
   1.8316000e-02
   1.1976000e-02
   1.2003000e-02
   1.2044000e-02
   1.2093000e-02
   1.2150000e-02
   1.2208000e-02
   1.2273000e-02
   1.2301000e-02
   1.2355000e-02
   1.2390000e-02
   1.2448000e-02
   1.2468000e-02
   1.2512000e-02
   1.2532000e-02
   1.2553000e-02
   1.2575000e-02
   1.2587000e-02
   1.2595000e-02
   1.2614000e-02
   1.2612000e-02
   1.9073000e-02
   2.3271000e-02
   2.6081000e-02
   2.7600000e-02
   2.8980000e-02
   2.9937000e-02
   3.0520000e-02
   3.1090000e-02
   3.1449000e-02
   3.1747000e-02
   3.2002000e-02
   3.2235000e-02
   3.2461000e-02
   3.2724000e-02
   3.2987000e-02
   3.3289000e-02
   3.3646000e-02
   3.4076000e-02
   3.4601000e-02
   3.5250000e-02
   3.3844000e-02
   3.2190000e-02
   3.0882000e-02
   2.9773000e-02
   2.8733000e-02
   2.7627000e-02
   2.6297000e-02
   2.4049000e-02
   2.1592000e-02
   1.7350000e-02
   1.1970000e-02
   1.1990000e-02
   1.2021000e-02
   1.2060000e-02
   1.2109000e-02
   1.2152000e-02
   1.2212000e-02
   1.2251000e-02
   1.2301000e-02
   1.2343000e-02
   1.2384000e-02
   1.2410000e-02
   1.2440000e-02
   1.2476000e-02
   1.2505000e-02
   1.2520000e-02
   1.2542000e-02
   1.2553000e-02
   1.2570000e-02
   1.2586000e-02
   1.7155000e-02
   2.2503000e-02
   2.5692000e-02
   2.7743000e-02
   2.9069000e-02
   3.0000000e-02
   3.0665000e-02
   3.1139000e-02
   3.1518000e-02
   3.1824000e-02
   3.2085000e-02
   3.2324000e-02
   3.2557000e-02
   3.2863000e-02
   3.3137000e-02
   3.3453000e-02
   3.3828000e-02
   3.4279000e-02
   3.4832000e-02
   3.5514000e-02
   3.3956000e-02
   3.2310000e-02
   3.0999000e-02
   2.9882000e-02
   2.8830000e-02
   2.7713000e-02
   2.6374000e-02
   2.4115000e-02
   2.1642000e-02
   1.7226000e-02
   1.1974000e-02
   1.1986000e-02
   1.2011000e-02
   1.2043000e-02
   1.2081000e-02
   1.2125000e-02
   1.2169000e-02
   1.2218000e-02
   1.2258000e-02
   1.2292000e-02
   1.2320000e-02
   1.2369000e-02
   1.2398000e-02
   1.2427000e-02
   1.2453000e-02
   1.2473000e-02
   1.2497000e-02
   1.2517000e-02
   1.2534000e-02
   1.2551000e-02
   1.7500000e-02
   2.1865000e-02
   2.5669000e-02
   2.7594000e-02
   2.8986000e-02
   3.0011000e-02
   3.0570000e-02
   3.1147000e-02
   3.1529000e-02
   3.1846000e-02
   3.2118000e-02
   3.2368000e-02
   3.2612000e-02
   3.2931000e-02
   3.3216000e-02
   3.3543000e-02
   3.3928000e-02
   3.4391000e-02
   3.4955000e-02
   3.5648000e-02
   3.3864000e-02
   3.2290000e-02
   3.1022000e-02
   2.9932000e-02
   2.8905000e-02
   2.7825000e-02
   2.6560000e-02
   2.4893000e-02
   2.2045000e-02
   1.9062000e-02
   1.1989000e-02
   1.1993000e-02
   1.2007000e-02
   1.2033000e-02
   1.2064000e-02
   1.2104000e-02
   1.2140000e-02
   1.2175000e-02
   1.2211000e-02
   1.2257000e-02
   1.2283000e-02
   1.2330000e-02
   1.2357000e-02
   1.2390000e-02
   1.2416000e-02
   1.2437000e-02
   1.2461000e-02
   1.2481000e-02
   1.2512000e-02
   1.2530000e-02
   1.8692000e-02
   2.3268000e-02
   2.5789000e-02
   2.7578000e-02
   2.9006000e-02
   2.9938000e-02
   3.0509000e-02
   3.1093000e-02
   3.1483000e-02
   3.1814000e-02
   3.2102000e-02
   3.2366000e-02
   3.2625000e-02
   3.2961000e-02
   3.3258000e-02
   3.3596000e-02
   3.3990000e-02
   3.4459000e-02
   3.5025000e-02
   3.5715000e-02
   3.3587000e-02
   3.2143000e-02
   3.0959000e-02
   2.9928000e-02
   2.8957000e-02
   2.7955000e-02
   2.6519000e-02
   2.5228000e-02
   2.3471000e-02
   2.1062000e-02
   1.7814000e-02
   1.2009000e-02
   1.2020000e-02
   1.2039000e-02
   1.2060000e-02
   1.2092000e-02
   1.2115000e-02
   1.2160000e-02
   1.2187000e-02
   1.2229000e-02
   1.2253000e-02
   1.2282000e-02
   1.2325000e-02
   1.2342000e-02
   1.2371000e-02
   1.2406000e-02
   1.2431000e-02
   1.2454000e-02
   1.2485000e-02
   1.2510000e-02
   2.1348000e-02
   2.3716000e-02
   2.6426000e-02
   2.7691000e-02
   2.8916000e-02
   2.9822000e-02
   3.0524000e-02
   3.0990000e-02
   3.1389000e-02
   3.1735000e-02
   3.2041000e-02
   3.2324000e-02
   3.2601000e-02
   3.2957000e-02
   3.3267000e-02
   3.3615000e-02
   3.4015000e-02
   3.4484000e-02
   3.5044000e-02
   3.5718000e-02
   3.3155000e-02
   3.1889000e-02
   3.0822000e-02
   2.9877000e-02
   2.8985000e-02
   2.8085000e-02
   2.6876000e-02
   2.5996000e-02
   2.4409000e-02
   2.3041000e-02
   2.1642000e-02
   1.2036000e-02
   1.2036000e-02
   1.2045000e-02
   1.2063000e-02
   1.2085000e-02
   1.2112000e-02
   1.2133000e-02
   1.2169000e-02
   1.2200000e-02
   1.2230000e-02
   1.2259000e-02
   1.2283000e-02
   1.2315000e-02
   1.2341000e-02
   1.2376000e-02
   1.2407000e-02
   1.2425000e-02
   1.2458000e-02
   2.2455000e-02
   2.3945000e-02
   2.5470000e-02
   2.6689000e-02
   2.7952000e-02
   2.8986000e-02
   2.9688000e-02
   3.0387000e-02
   3.0851000e-02
   3.1257000e-02
   3.1619000e-02
   3.1945000e-02
   3.2249000e-02
   3.2545000e-02
   3.2922000e-02
   3.3246000e-02
   3.3602000e-02
   3.4005000e-02
   3.4470000e-02
   3.5015000e-02
   3.5662000e-02
   3.2604000e-02
   3.1552000e-02
   3.0629000e-02
   2.9788000e-02
   2.8991000e-02
   2.8207000e-02
   2.7239000e-02
   2.6451000e-02
   2.5857000e-02
   2.5079000e-02
   2.5033000e-02
   1.2076000e-02
   1.2063000e-02
   1.2065000e-02
   1.2072000e-02
   1.2089000e-02
   1.2111000e-02
   1.2127000e-02
   1.2150000e-02
   1.2174000e-02
   1.2205000e-02
   1.2230000e-02
   1.2265000e-02
   1.2288000e-02
   1.2321000e-02
   1.2349000e-02
   1.2382000e-02
   1.2409000e-02
   1.2444000e-02
   2.6169000e-02
   2.6291000e-02
   2.6718000e-02
   2.7452000e-02
   2.8207000e-02
   2.8908000e-02
   2.9531000e-02
   3.0232000e-02
   3.0693000e-02
   3.1103000e-02
   3.1477000e-02
   3.1823000e-02
   3.2149000e-02
   3.2465000e-02
   3.2863000e-02
   3.3199000e-02
   3.3562000e-02
   3.3965000e-02
   3.4420000e-02
   3.4944000e-02
   3.5554000e-02
   3.1980000e-02
   3.1162000e-02
   3.0399000e-02
   2.9677000e-02
   2.8981000e-02
   2.8309000e-02
   2.7529000e-02
   2.6976000e-02
   2.6501000e-02
   2.6517000e-02
   2.7719000e-02
   2.9844000e-02
   1.2097000e-02
   1.2094000e-02
   1.2093000e-02
   1.2102000e-02
   1.2113000e-02
   1.2128000e-02
   1.2143000e-02
   1.2166000e-02
   1.2190000e-02
   1.2217000e-02
   1.2245000e-02
   1.2273000e-02
   1.2306000e-02
   1.2336000e-02
   1.2364000e-02
   1.2404000e-02
   3.2417000e-02
   2.8550000e-02
   2.7561000e-02
   2.7394000e-02
   2.7747000e-02
   2.8282000e-02
   2.8861000e-02
   2.9418000e-02
   3.0079000e-02
   3.0527000e-02
   3.0941000e-02
   3.1324000e-02
   3.1689000e-02
   3.2034000e-02
   3.2369000e-02
   3.2787000e-02
   3.3134000e-02
   3.3501000e-02
   3.3900000e-02
   3.4342000e-02
   3.4838000e-02
   3.5403000e-02
   3.1328000e-02
   3.0749000e-02
   3.0156000e-02
   2.9558000e-02
   2.8967000e-02
   2.8398000e-02
   2.7777000e-02
   2.7395000e-02
   2.7223000e-02
   2.7469000e-02
   2.8508000e-02
   3.1238000e-02
   3.5539000e-02
   1.2126000e-02
   1.2117000e-02
   1.2117000e-02
   1.2121000e-02
   1.2131000e-02
   1.2144000e-02
   1.2162000e-02
   1.2184000e-02
   1.2207000e-02
   1.2231000e-02
   1.2260000e-02
   1.2293000e-02
   1.2324000e-02
   1.2349000e-02
   1.2387000e-02
   3.2543000e-02
   2.9617000e-02
   2.8361000e-02
   2.7935000e-02
   2.8024000e-02
   2.8373000e-02
   2.8834000e-02
   2.9324000e-02
   2.9795000e-02
   3.0377000e-02
   3.0786000e-02
   3.1176000e-02
   3.1555000e-02
   3.1916000e-02
   3.2266000e-02
   3.2701000e-02
   3.3055000e-02
   3.3425000e-02
   3.3817000e-02
   3.4240000e-02
   3.4704000e-02
   3.5217000e-02
   3.0690000e-02
   3.0345000e-02
   2.9920000e-02
   2.9448000e-02
   2.8962000e-02
   2.8493000e-02
   2.8002000e-02
   2.7741000e-02
   2.7712000e-02
   2.8113000e-02
   2.9233000e-02
   3.1365000e-02
   3.4469000e-02
   1.2158000e-02
   1.2145000e-02
   1.2140000e-02
   1.2138000e-02
   1.2141000e-02
   1.2149000e-02
   1.2161000e-02
   1.2181000e-02
   1.2201000e-02
   1.2226000e-02
   1.2249000e-02
   1.2276000e-02
   1.2309000e-02
   1.2344000e-02
   3.5555000e-02
   3.2088000e-02
   2.9971000e-02
   2.8785000e-02
   2.8288000e-02
   2.8242000e-02
   2.8463000e-02
   2.8829000e-02
   2.9258000e-02
   2.9692000e-02
   3.0245000e-02
   3.0649000e-02
   3.1044000e-02
   3.1431000e-02
   3.1804000e-02
   3.2166000e-02
   3.2612000e-02
   3.2971000e-02
   3.3338000e-02
   3.3720000e-02
   3.4122000e-02
   3.4550000e-02
   3.5008000e-02
   3.0106000e-02
   2.9977000e-02
   2.9710000e-02
   2.9363000e-02
   2.8980000e-02
   2.8605000e-02
   2.8226000e-02
   2.8054000e-02
   2.8109000e-02
   2.8466000e-02
   2.9284000e-02
   3.1253000e-02
   3.3736000e-02
   3.5828000e-02
   3.8666000e-02
   1.2168000e-02
   1.2158000e-02
   1.2153000e-02
   1.2158000e-02
   1.2165000e-02
   1.2179000e-02
   1.2199000e-02
   1.2219000e-02
   1.2244000e-02
   1.2275000e-02
   4.0123000e-02
   3.7297000e-02
   3.4029000e-02
   3.1768000e-02
   3.0078000e-02
   2.9044000e-02
   2.8545000e-02
   2.8432000e-02
   2.8570000e-02
   2.8860000e-02
   2.9231000e-02
   2.9629000e-02
   3.0146000e-02
   3.0543000e-02
   3.0938000e-02
   3.1328000e-02
   3.1707000e-02
   3.2076000e-02
   3.2528000e-02
   3.2887000e-02
   3.3249000e-02
   3.3617000e-02
   3.3995000e-02
   3.4384000e-02
   3.4785000e-02
   2.9606000e-02
   2.9664000e-02
   2.9543000e-02
   2.9314000e-02
   2.9032000e-02
   2.8747000e-02
   2.8511000e-02
   2.8369000e-02
   2.8502000e-02
   2.8828000e-02
   2.9545000e-02
   3.0703000e-02
   3.2850000e-02
   3.4540000e-02
   3.6876000e-02
   3.7999000e-02
   3.8068000e-02
   1.2169000e-02
   1.2168000e-02
   1.2173000e-02
   1.2184000e-02
   1.2199000e-02
   1.2221000e-02
   3.7851000e-02
   3.8514000e-02
   3.7169000e-02
   3.5539000e-02
   3.3729000e-02
   3.1463000e-02
   3.0143000e-02
   2.9260000e-02
   2.8789000e-02
   2.8638000e-02
   2.8715000e-02
   2.8943000e-02
   2.9260000e-02
   2.9618000e-02
   3.0090000e-02
   3.0475000e-02
   3.0866000e-02
   3.1254000e-02
   3.1633000e-02
   3.2002000e-02
   3.2453000e-02
   3.2808000e-02
   3.3160000e-02
   3.3512000e-02
   3.3863000e-02
   3.4213000e-02
   3.4558000e-02
   2.9213000e-02
   2.9423000e-02
   2.9431000e-02
   2.9311000e-02
   2.9125000e-02
   2.8925000e-02
   2.8767000e-02
   2.8709000e-02
   2.8883000e-02
   2.9207000e-02
   2.9839000e-02
   3.0807000e-02
   3.2471000e-02
   3.4057000e-02
   3.5155000e-02
   3.6688000e-02
   3.7201000e-02
   3.7148000e-02
   3.6485000e-02
   3.6178000e-02
   3.6023000e-02
   3.6728000e-02
   3.7134000e-02
   3.7485000e-02
   3.7023000e-02
   3.5800000e-02
   3.4590000e-02
   3.2750000e-02
   3.1365000e-02
   3.0287000e-02
   2.9521000e-02
   2.9068000e-02
   2.8888000e-02
   2.8913000e-02
   2.9084000e-02
   2.9348000e-02
   2.9664000e-02
   3.0086000e-02
   3.0455000e-02
   3.0835000e-02
   3.1214000e-02
   3.1585000e-02
   3.1949000e-02
   3.2392000e-02
   3.2739000e-02
   3.3078000e-02
   3.3411000e-02
   3.3734000e-02
   3.4045000e-02
   3.4335000e-02
   2.8895000e-02
   2.9247000e-02
   2.9383000e-02
   2.9381000e-02
   2.9302000e-02
   2.9202000e-02
   2.9133000e-02
   2.9145000e-02
   2.9286000e-02
   2.9616000e-02
   3.0192000e-02
   3.1036000e-02
   3.2121000e-02
   3.3715000e-02
   3.5045000e-02
   3.5998000e-02
   3.7006000e-02
   3.7493000e-02
   3.7769000e-02
   3.7712000e-02
   3.7871000e-02
   3.7744000e-02
   3.7726000e-02
   3.7339000e-02
   3.6582000e-02
   3.5222000e-02
   3.4198000e-02
   3.2903000e-02
   3.1459000e-02
   3.0525000e-02
   2.9835000e-02
   2.9398000e-02
   2.9189000e-02
   2.9166000e-02
   2.9284000e-02
   2.9499000e-02
   2.9772000e-02
   3.0141000e-02
   3.0488000e-02
   3.0847000e-02
   3.1208000e-02
   3.1567000e-02
   3.1919000e-02
   3.2342000e-02
   3.2672000e-02
   3.2991000e-02
   3.3296000e-02
   3.3584000e-02
   3.3847000e-02
   3.4076000e-02
   2.8778000e-02
   2.9203000e-02
   2.9417000e-02
   2.9492000e-02
   2.9488000e-02
   2.9460000e-02
   2.9457000e-02
   2.9525000e-02
   2.9707000e-02
   3.0048000e-02
   3.0588000e-02
   3.1350000e-02
   3.2311000e-02
   3.3439000e-02
   3.4679000e-02
   3.5889000e-02
   3.6930000e-02
   3.7695000e-02
   3.8160000e-02
   3.8354000e-02
   3.8416000e-02
   3.8271000e-02
   3.7866000e-02
   3.7234000e-02
   3.6385000e-02
   3.5262000e-02
   3.4103000e-02
   3.2938000e-02
   3.1614000e-02
   3.0845000e-02
   3.0203000e-02
   2.9771000e-02
   2.9538000e-02
   2.9471000e-02
   2.9541000e-02
   2.9710000e-02
   2.9941000e-02
   3.0250000e-02
   3.0567000e-02
   3.0900000e-02
   3.1239000e-02
   3.1579000e-02
   3.2001000e-02
   3.2324000e-02
   3.2636000e-02
   3.2935000e-02
   3.3217000e-02
   3.3477000e-02
   3.3705000e-02
   3.3890000e-02
   2.8782000e-02
   2.9247000e-02
   2.9515000e-02
   2.9650000e-02
   2.9710000e-02
   2.9745000e-02
   2.9800000e-02
   2.9917000e-02
   3.0135000e-02
   3.0489000e-02
   3.1005000e-02
   3.1707000e-02
   3.2575000e-02
   3.3581000e-02
   3.4668000e-02
   3.6017000e-02
   3.6777000e-02
   3.7595000e-02
   3.8159000e-02
   3.8462000e-02
   3.8505000e-02
   3.8296000e-02
   3.7806000e-02
   3.7139000e-02
   3.6217000e-02
   3.5216000e-02
   3.4152000e-02
   3.3099000e-02
   3.1907000e-02
   3.1119000e-02
   3.0609000e-02
   3.0180000e-02
   2.9923000e-02
   2.9821000e-02
   2.9847000e-02
   2.9970000e-02
   3.0156000e-02
   3.0407000e-02
   3.0689000e-02
   3.0991000e-02
   3.1304000e-02
   3.1714000e-02
   3.2023000e-02
   3.2325000e-02
   3.2617000e-02
   3.2895000e-02
   3.3153000e-02
   3.3384000e-02
   3.3580000e-02
   3.3727000e-02
   2.8897000e-02
   2.9373000e-02
   2.9671000e-02
   2.9851000e-02
   2.9961000e-02
   3.0048000e-02
   3.0152000e-02
   3.0310000e-02
   3.0556000e-02
   3.0918000e-02
   3.1417000e-02
   3.2068000e-02
   3.2859000e-02
   3.3757000e-02
   3.4722000e-02
   3.5933000e-02
   3.6797000e-02
   3.7387000e-02
   3.8051000e-02
   3.8303000e-02
   3.8354000e-02
   3.8062000e-02
   3.7645000e-02
   3.7004000e-02
   3.6123000e-02
   3.5208000e-02
   3.4247000e-02
   3.3068000e-02
   3.2220000e-02
   3.1497000e-02
   3.1023000e-02
   3.0605000e-02
   3.0333000e-02
   3.0201000e-02
   3.0188000e-02
   3.0267000e-02
   3.0389000e-02
   3.0601000e-02
   3.0846000e-02
   3.1116000e-02
   3.1499000e-02
   3.1784000e-02
   3.2068000e-02
   3.2347000e-02
   3.2616000e-02
   3.2870000e-02
   3.3103000e-02
   3.3308000e-02
   3.3475000e-02
   3.3591000e-02
   2.9111000e-02
   2.9571000e-02
   2.9880000e-02
   3.0086000e-02
   3.0234000e-02
   3.0362000e-02
   3.0505000e-02
   3.0696000e-02
   3.0961000e-02
   3.1326000e-02
   3.1807000e-02
   3.2408000e-02
   3.3129000e-02
   3.3933000e-02
   3.4785000e-02
   3.5848000e-02
   3.6615000e-02
   3.7237000e-02
   3.7789000e-02
   3.8004000e-02
   3.7977000e-02
   3.7810000e-02
   3.7435000e-02
   3.6756000e-02
   3.6021000e-02
   3.5201000e-02
   3.4340000e-02
   3.3288000e-02
   3.2527000e-02
   3.1866000e-02
   3.1427000e-02
   3.1025000e-02
   3.0750000e-02
   3.0596000e-02
   3.0550000e-02
   3.0586000e-02
   3.0649000e-02
   3.0821000e-02
   3.1032000e-02
   3.1370000e-02
   3.1619000e-02
   3.1876000e-02
   3.2133000e-02
   3.2386000e-02
   3.2631000e-02
   3.2860000e-02
   3.3069000e-02
   3.3249000e-02
   3.3392000e-02
   3.3483000e-02
   2.9408000e-02
   2.9831000e-02
   3.0132000e-02
   3.0351000e-02
   3.0522000e-02
   3.0679000e-02
   3.0852000e-02
   3.1066000e-02
   3.1343000e-02
   3.1703000e-02
   3.2159000e-02
   3.2715000e-02
   3.3366000e-02
   3.4078000e-02
   3.5009000e-02
   3.5755000e-02
   3.6423000e-02
   3.6976000e-02
   3.7396000e-02
   3.7633000e-02
   3.7617000e-02
   3.7536000e-02
   3.7048000e-02
   3.6552000e-02
   3.5908000e-02
   3.5181000e-02
   3.4421000e-02
   3.3492000e-02
   3.2812000e-02
   3.2216000e-02
   3.1813000e-02
   3.1433000e-02
   3.1159000e-02
   3.0990000e-02
   3.0913000e-02
   3.0913000e-02
   3.0977000e-02
   3.1067000e-02
   3.1344000e-02
   3.1544000e-02
   3.1761000e-02
   3.1987000e-02
   3.2216000e-02
   3.2443000e-02
   3.2661000e-02
   3.2866000e-02
   3.3050000e-02
   3.3208000e-02
   3.3329000e-02
   3.3402000e-02
   2.9772000e-02
   3.0141000e-02
   3.0419000e-02
   3.0636000e-02
   3.0820000e-02
   3.0995000e-02
   3.1187000e-02
   3.1415000e-02
   3.1697000e-02
   3.2047000e-02
   3.2474000e-02
   3.2981000e-02
   3.3561000e-02
   3.4369000e-02
   3.4989000e-02
   3.5771000e-02
   3.6320000e-02
   3.6772000e-02
   3.7098000e-02
   3.7276000e-02
   3.7273000e-02
   3.7094000e-02
   3.6748000e-02
   3.6221000e-02
   3.5809000e-02
   3.5010000e-02
   3.4362000e-02
   3.3729000e-02
   3.3143000e-02
   3.2619000e-02
   3.2170000e-02
   3.1810000e-02
   3.1542000e-02
   3.1363000e-02
   3.1266000e-02
   3.1241000e-02
   3.1278000e-02
   3.1460000e-02
   3.1565000e-02
   3.1733000e-02
   3.1918000e-02
   3.2114000e-02
   3.2314000e-02
   3.2513000e-02
   3.2705000e-02
   3.2885000e-02
   3.3046000e-02
   3.3183000e-02
   3.3286000e-02
   3.3346000e-02
   3.0185000e-02
   3.0488000e-02
   3.0731000e-02
   3.0936000e-02
   3.1121000e-02
   3.1306000e-02
   3.1507000e-02
   3.1742000e-02
   3.2022000e-02
   3.2357000e-02
   3.2753000e-02
   3.3384000e-02
   3.3887000e-02
   3.4418000e-02
   3.4958000e-02
   3.5635000e-02
   3.6113000e-02
   3.6502000e-02
   3.6778000e-02
   3.6920000e-02
   3.6917000e-02
   3.6769000e-02
   3.6483000e-02
   3.6067000e-02
   3.5568000e-02
   3.5021000e-02
   3.4455000e-02
   3.3898000e-02
   3.3374000e-02
   3.2899000e-02
   3.2488000e-02
   3.2153000e-02
   3.1896000e-02
   3.1717000e-02
   3.1610000e-02
   3.1567000e-02
   3.1665000e-02
   3.1728000e-02
   3.1825000e-02
   3.1932000e-02
   3.2087000e-02
   3.2253000e-02
   3.2424000e-02
   3.2595000e-02
   3.2760000e-02
   3.2915000e-02
   3.3055000e-02
   3.3173000e-02
   3.3262000e-02
   3.3313000e-02
   3.0631000e-02
   3.0859000e-02
   3.1059000e-02
   3.1243000e-02
   3.1422000e-02
   3.1608000e-02
   3.1812000e-02
   3.2046000e-02
   3.2318000e-02
   3.2635000e-02
   3.2999000e-02
   3.3562000e-02
   3.4004000e-02
   3.4465000e-02
   3.4928000e-02
   3.5509000e-02
   3.5912000e-02
   3.6239000e-02
   3.6470000e-02
   3.6587000e-02
   3.6583000e-02
   3.6457000e-02
   3.6219000e-02
   3.5881000e-02
   3.5466000e-02
   3.5000000e-02
   3.4514000e-02
   3.4028000e-02
   3.3566000e-02
   3.3143000e-02
   3.2775000e-02
   3.2468000e-02
   3.2228000e-02
   3.2053000e-02
   3.1941000e-02
   3.1957000e-02
   3.1956000e-02
   3.1995000e-02
   3.2066000e-02
   3.2137000e-02
   3.2262000e-02
   3.2399000e-02
   3.2541000e-02
   3.2685000e-02
   3.2825000e-02
   3.2956000e-02
   3.3075000e-02
   3.3175000e-02
   3.3252000e-02
   3.3300000e-02
   3.1092000e-02
   3.1241000e-02
   3.1393000e-02
   3.1551000e-02
   3.1718000e-02
   3.1899000e-02
   3.2101000e-02
   3.2329000e-02
   3.2588000e-02
   3.2884000e-02
   3.3354000e-02
   3.3716000e-02
   3.4102000e-02
   3.4499000e-02
   3.4894000e-02
   3.5268000e-02
   3.5725000e-02
   3.5998000e-02
   3.6189000e-02
   3.6286000e-02
   3.6283000e-02
   3.6178000e-02
   3.5979000e-02
   3.5698000e-02
   3.5352000e-02
   3.4961000e-02
   3.4547000e-02
   3.4131000e-02
   3.3731000e-02
   3.3362000e-02
   3.3035000e-02
   3.2760000e-02
   3.2538000e-02
   3.2370000e-02
   3.2313000e-02
   3.2256000e-02
   3.2239000e-02
   3.2257000e-02
   3.2304000e-02
   3.2374000e-02
   3.2461000e-02
   3.2549000e-02
   3.2664000e-02
   3.2781000e-02
   3.2896000e-02
   3.3004000e-02
   3.3103000e-02
   3.3188000e-02
   3.3255000e-02
   3.3302000e-02
   3.1552000e-02
   3.1622000e-02
   3.1725000e-02
   3.1854000e-02
   3.2006000e-02
   3.2179000e-02
   3.2374000e-02
   3.2592000e-02
   3.2961000e-02
   3.3233000e-02
   3.3531000e-02
   3.3851000e-02
   3.4186000e-02
   3.4527000e-02
   3.4861000e-02
   3.5176000e-02
   3.5456000e-02
   3.5786000e-02
   3.5944000e-02
   3.6024000e-02
   3.6021000e-02
   3.5935000e-02
   3.5770000e-02
   3.5538000e-02
   3.5250000e-02
   3.4924000e-02
   3.4576000e-02
   3.4224000e-02
   3.3881000e-02
   3.3562000e-02
   3.3275000e-02
   3.3029000e-02
   3.2826000e-02
   3.2709000e-02
   3.2605000e-02
   3.2540000e-02
   3.2510000e-02
   3.2510000e-02
   3.2535000e-02
   3.2581000e-02
   3.2643000e-02
   3.2717000e-02
   3.2788000e-02
   3.2880000e-02
   3.2970000e-02
   3.3057000e-02
   3.3137000e-02
   3.3208000e-02
   3.3267000e-02
   3.3314000e-02
   3.1996000e-02
   3.1989000e-02
   3.2045000e-02
   3.2147000e-02
   3.2284000e-02
   3.2446000e-02
   3.2632000e-02
   3.2838000e-02
   3.3180000e-02
   3.3427000e-02
   3.3693000e-02
   3.3973000e-02
   3.4263000e-02
   3.4554000e-02
   3.4837000e-02
   3.5101000e-02
   3.5334000e-02
   3.5526000e-02
   3.5738000e-02
   3.5805000e-02
   3.5803000e-02
   3.5733000e-02
   3.5599000e-02
   3.5408000e-02
   3.5171000e-02
   3.4900000e-02
   3.4610000e-02
   3.4313000e-02
   3.4022000e-02
   3.3747000e-02
   3.3497000e-02
   3.3278000e-02
   3.3120000e-02
   3.2982000e-02
   3.2879000e-02
   3.2808000e-02
   3.2765000e-02
   3.2749000e-02
   3.2755000e-02
   3.2779000e-02
   3.2818000e-02
   3.2868000e-02
   3.2925000e-02
   3.2978000e-02
   3.3046000e-02
   3.3112000e-02
   3.3174000e-02
   3.3232000e-02
   3.3284000e-02
   3.3332000e-02
   3.2504000e-02
   3.2412000e-02
   3.2419000e-02
   3.2492000e-02
   3.2612000e-02
   3.2762000e-02
   3.2933000e-02
   3.3174000e-02
   3.3383000e-02
   3.3607000e-02
   3.3843000e-02
   3.4089000e-02
   3.4339000e-02
   3.4588000e-02
   3.4828000e-02
   3.5050000e-02
   3.5245000e-02
   3.5405000e-02
   3.5521000e-02
   3.5597000e-02
   3.5598000e-02
   3.5545000e-02
   3.5443000e-02
   3.5295000e-02
   3.5110000e-02
   3.4898000e-02
   3.4668000e-02
   3.4430000e-02
   3.4193000e-02
   3.3966000e-02
   3.3755000e-02
   3.3523000e-02
   3.3366000e-02
   3.3236000e-02
   3.3133000e-02
   3.3055000e-02
   3.3003000e-02
   3.2972000e-02
   3.2960000e-02
   3.2965000e-02
   3.2982000e-02
   3.3010000e-02
   3.3045000e-02
   3.3095000e-02
   3.3137000e-02
   3.3180000e-02
   3.3222000e-02
   3.3264000e-02
   3.3307000e-02
   3.3355000e-02
   3.2850000e-02
   3.2707000e-02
   3.2686000e-02
   3.2745000e-02
   3.2854000e-02
   3.2995000e-02
   3.3156000e-02
   3.3380000e-02
   3.3572000e-02
   3.3775000e-02
   3.3986000e-02
   3.4203000e-02
   3.4422000e-02
   3.4637000e-02
   3.4842000e-02
   3.5031000e-02
   3.5196000e-02
   3.5330000e-02
   3.5428000e-02
   3.5495000e-02
   3.5497000e-02
   3.5456000e-02
   3.5374000e-02
   3.5254000e-02
   3.5103000e-02
   3.4927000e-02
   3.4735000e-02
   3.4534000e-02
   3.4332000e-02
   3.4135000e-02
   3.3949000e-02
   3.3740000e-02
   3.3594000e-02
   3.3468000e-02
   3.3364000e-02
   3.3281000e-02
   3.3218000e-02
   3.3174000e-02
   3.3146000e-02
   3.3132000e-02
   3.3130000e-02
   3.3138000e-02
   3.3153000e-02
   3.3179000e-02
   3.3204000e-02
   3.3230000e-02
   3.3258000e-02
   3.3288000e-02
   3.3323000e-02
   3.3369000e-02
   3.3125000e-02
   3.2951000e-02
   3.2919000e-02
   3.2972000e-02
   3.3075000e-02
   3.3207000e-02
   3.3359000e-02
   3.3567000e-02
   3.3745000e-02
   3.3932000e-02
   3.4124000e-02
   3.4320000e-02
   3.4516000e-02
   3.4706000e-02
   3.4886000e-02
   3.5051000e-02
   3.5194000e-02
   3.5311000e-02
   3.5397000e-02
   3.5456000e-02
   3.5461000e-02
   3.5430000e-02
   3.5363000e-02
   3.5265000e-02
   3.5139000e-02
   3.4991000e-02
   3.4828000e-02
   3.4655000e-02
   3.4478000e-02
   3.4304000e-02
   3.4136000e-02
   3.3942000e-02
   3.3802000e-02
   3.3678000e-02
   3.3571000e-02
   3.3481000e-02
   3.3407000e-02
   3.3350000e-02
   3.3307000e-02
   3.3277000e-02
   3.3258000e-02
   3.3248000e-02
   3.3246000e-02
   3.3251000e-02
   3.3261000e-02
   3.3273000e-02
   3.3289000e-02
   3.3308000e-02
   3.3335000e-02
   3.3374000e-02
   3.3311000e-02
   3.3137000e-02
   3.3111000e-02
   3.3165000e-02
   3.3263000e-02
   3.3389000e-02
   3.3532000e-02
   3.3730000e-02
   3.3900000e-02
   3.4077000e-02
   3.4259000e-02
   3.4443000e-02
   3.4626000e-02
   3.4803000e-02
   3.4969000e-02
   3.5119000e-02
   3.5250000e-02
   3.5357000e-02
   3.5436000e-02
   3.5492000e-02
   3.5500000e-02
   3.5475000e-02
   3.5420000e-02
   3.5336000e-02
   3.5228000e-02
   3.5098000e-02
   3.4953000e-02
   3.4798000e-02
   3.4637000e-02
   3.4475000e-02
   3.4316000e-02
   3.4128000e-02
   3.3989000e-02
   3.3862000e-02
   3.3748000e-02
   3.3650000e-02
   3.3565000e-02
   3.3494000e-02
   3.3437000e-02
   3.3392000e-02
   3.3358000e-02
   3.3334000e-02
   3.3318000e-02
   3.3307000e-02
   3.3305000e-02
   3.3306000e-02
   3.3312000e-02
   3.3323000e-02
   3.3340000e-02
   3.3370000e-02
   3.3395000e-02
   3.3261000e-02
   3.3254000e-02
   3.3311000e-02
   3.3406000e-02
   3.3525000e-02
   3.3664000e-02
   3.3859000e-02
   3.4028000e-02
   3.4207000e-02
   3.4390000e-02
   3.4575000e-02
   3.4758000e-02
   3.4934000e-02
   3.5099000e-02
   3.5247000e-02
   3.5376000e-02
   3.5481000e-02
   3.5560000e-02
   3.5617000e-02
   3.5628000e-02
   3.5608000e-02
   3.5558000e-02
   3.5481000e-02
   3.5380000e-02
   3.5258000e-02
   3.5119000e-02
   3.4969000e-02
   3.4811000e-02
   3.4650000e-02
   3.4490000e-02
   3.4297000e-02
   3.4151000e-02
   3.4015000e-02
   3.3892000e-02
   3.3781000e-02
   3.3684000e-02
   3.3600000e-02
   3.3530000e-02
   3.3472000e-02
   3.3426000e-02
   3.3391000e-02
   3.3364000e-02
   3.3342000e-02
   3.3331000e-02
   3.3326000e-02
   3.3326000e-02
   3.3330000e-02
   3.3340000e-02
   3.3356000e-02
   3.3378000e-02
   3.3322000e-02
   3.3333000e-02
   3.3387000e-02
   3.3475000e-02
   3.3592000e-02
   3.3733000e-02
   3.3939000e-02
   3.4121000e-02
   3.4315000e-02
   3.4515000e-02
   3.4718000e-02
   3.4917000e-02
   3.5109000e-02
   3.5287000e-02
   3.5449000e-02
   3.5588000e-02
   3.5702000e-02
   3.5787000e-02
   3.5850000e-02
   3.5863000e-02
   3.5844000e-02
   3.5794000e-02
   3.5714000e-02
   3.5608000e-02
   3.5480000e-02
   3.5333000e-02
   3.5173000e-02
   3.5003000e-02
   3.4830000e-02
   3.4655000e-02
   3.4443000e-02
   3.4282000e-02
   3.4131000e-02
   3.3992000e-02
   3.3866000e-02
   3.3755000e-02
   3.3658000e-02
   3.3576000e-02
   3.3508000e-02
   3.3453000e-02
   3.3410000e-02
   3.3378000e-02
   3.3350000e-02
   3.3337000e-02
   3.3330000e-02
   3.3328000e-02
   3.3330000e-02
   3.3335000e-02
   3.3340000e-02
   3.3332000e-02
   3.3314000e-02
   3.3307000e-02
   3.3344000e-02
   3.3428000e-02
   3.3553000e-02
   3.3713000e-02
   3.3952000e-02
   3.4166000e-02
   3.4395000e-02
   3.4632000e-02
   3.4872000e-02
   3.5109000e-02
   3.5336000e-02
   3.5548000e-02
   3.5740000e-02
   3.5905000e-02
   3.6040000e-02
   3.6141000e-02
   3.6216000e-02
   3.6231000e-02
   3.6209000e-02
   3.6149000e-02
   3.6055000e-02
   3.5929000e-02
   3.5778000e-02
   3.5605000e-02
   3.5416000e-02
   3.5216000e-02
   3.5012000e-02
   3.4808000e-02
   3.4561000e-02
   3.4373000e-02
   3.4198000e-02
   3.4037000e-02
   3.3893000e-02
   3.3766000e-02
   3.3657000e-02
   3.3565000e-02
   3.3490000e-02
   3.3430000e-02
   3.3385000e-02
   3.3352000e-02
   3.3326000e-02
   3.3315000e-02
   3.3313000e-02
   3.3316000e-02
   3.3323000e-02
   3.3330000e-02
   3.3333000e-02
