  -2.1009000e-03
   4.7889000e-02
   1.8525000e-01
   3.8780000e-01
   6.3050000e-01
   8.8734000e-01
   1.1328000e+00
   1.3857000e+00
   1.5225000e+00
   1.5832000e+00
   1.5581000e+00
   1.4446000e+00
   1.2478000e+00
   9.8187000e-01
   6.6883000e-01
   3.3789000e-01
   2.2960000e-02
  -2.4058000e-01
  -4.1969000e-01
  -4.8901000e-01
  -3.9500000e-01
  -1.6726000e-01
   1.8408000e-01
   6.3772000e-01
   1.1639000e+00
   1.7279000e+00
   2.2938000e+00
   2.8282000e+00
   3.3028000e+00
   3.6959000e+00
   3.9938000e+00
   4.2196000e+00
   4.2889000e+00
   4.2633000e+00
   4.1525000e+00
   3.9681000e+00
   3.7227000e+00
   3.4293000e+00
   3.1002000e+00
   2.7470000e+00
   2.3805000e+00
   2.0104000e+00
   1.6458000e+00
   1.2104000e+00
   8.8956000e-01
   6.0237000e-01
   3.5831000e-01
   1.6793000e-01
   4.3229000e-02
  -1.8977000e-03
  -2.1434000e-03
   4.8842000e-02
   1.8864000e-01
   3.9454000e-01
   6.4124000e-01
   9.0266000e-01
   1.1532000e+00
   1.4132000e+00
   1.5561000e+00
   1.6232000e+00
   1.6046000e+00
   1.4971000e+00
   1.3061000e+00
   1.0451000e+00
   7.3615000e-01
   4.0835000e-01
   9.5613000e-02
  -1.6659000e-01
  -3.4511000e-01
  -4.1460000e-01
  -3.2141000e-01
  -9.5041000e-02
   2.5434000e-01
   7.0537000e-01
   1.2282000e+00
   1.7879000e+00
   2.3488000e+00
   2.8772000e+00
   3.3449000e+00
   3.7307000e+00
   4.0210000e+00
   4.2373000e+00
   4.2995000e+00
   4.2676000e+00
   4.1514000e+00
   3.9626000e+00
   3.7140000e+00
   3.4184000e+00
   3.0881000e+00
   2.7346000e+00
   2.3685000e+00
   1.9994000e+00
   1.6363000e+00
   1.2029000e+00
   8.8393000e-01
   5.9849000e-01
   3.5600000e-01
   1.6685000e-01
   4.2957000e-02
  -1.8858000e-03
  -2.2658000e-03
   5.1586000e-02
   1.9837000e-01
   4.1388000e-01
   6.7210000e-01
   9.4669000e-01
   1.2120000e+00
   1.4927000e+00
   1.6536000e+00
   1.7396000e+00
   1.7402000e+00
   1.6515000e+00
   1.4781000e+00
   1.2329000e+00
   9.3752000e-01
   6.2075000e-01
   3.1645000e-01
   6.0113000e-02
  -1.1509000e-01
  -1.8389000e-01
  -9.3012000e-02
   1.2859000e-01
   4.7081000e-01
   9.1233000e-01
   1.4233000e+00
   1.9687000e+00
   2.5128000e+00
   3.0187000e+00
   3.4680000e+00
   3.8318000e+00
   4.0990000e+00
   4.2870000e+00
   4.3282000e+00
   4.2775000e+00
   4.1454000e+00
   3.9439000e+00
   3.6858000e+00
   3.3840000e+00
   3.0504000e+00
   2.6963000e+00
   2.3316000e+00
   1.9657000e+00
   1.6070000e+00
   1.1803000e+00
   8.6681000e-01
   5.8672000e-01
   3.4896000e-01
   1.6358000e-01
   4.2130000e-02
  -1.8497000e-03
  -2.4529000e-03
   5.5780000e-02
   2.1318000e-01
   4.4324000e-01
   7.1894000e-01
   1.0136000e+00
   1.3018000e+00
   1.6149000e+00
   1.8045000e+00
   1.9212000e+00
   1.9535000e+00
   1.8968000e+00
   1.7545000e+00
   1.5387000e+00
   1.2704000e+00
   9.7771000e-01
   6.9409000e-01
   4.5423000e-01
   2.9037000e-01
   2.2724000e-01
   3.1470000e-01
   5.2591000e-01
   8.5140000e-01
   1.2709000e+00
   1.7555000e+00
   2.2711000e+00
   2.7823000e+00
   3.2537000e+00
   3.6635000e+00
   3.9888000e+00
   4.2173000e+00
   4.3585000e+00
   4.3653000e+00
   4.2843000e+00
   4.1267000e+00
   3.9052000e+00
   3.6326000e+00
   3.3215000e+00
   2.9835000e+00
   2.6291000e+00
   2.2677000e+00
   1.9077000e+00
   1.5569000e+00
   1.1416000e+00
   8.3762000e-01
   5.6666000e-01
   3.3697000e-01
   1.5799000e-01
   4.0715000e-02
  -1.7878000e-03
  -2.6796000e-03
   6.0855000e-02
   2.3096000e-01
   4.7833000e-01
   7.7489000e-01
   1.0939000e+00
   1.4100000e+00
   1.7639000e+00
   1.9906000e+00
   2.1479000e+00
   2.2238000e+00
   2.2126000e+00
   2.1169000e+00
   1.9484000e+00
   1.7275000e+00
   1.4816000e+00
   1.2425000e+00
   1.0421000e+00
   9.0862000e-01
   8.6482000e-01
   9.4854000e-01
   1.1389000e+00
   1.4288000e+00
   1.8021000e+00
   2.2342000e+00
   2.6941000e+00
   3.1484000e+00
   3.5641000e+00
   3.9156000e+00
   4.1837000e+00
   4.3571000e+00
   4.4340000e+00
   4.3945000e+00
   4.2734000e+00
   4.0827000e+00
   3.8358000e+00
   3.5453000e+00
   3.2236000e+00
   2.8815000e+00
   2.5285000e+00
   2.1731000e+00
   1.8227000e+00
   1.4839000e+00
   1.0855000e+00
   7.9544000e-01
   5.3770000e-01
   3.1966000e-01
   1.4991000e-01
   3.8664000e-02
  -1.6980000e-03
  -2.9112000e-03
   6.6023000e-02
   2.4880000e-01
   5.1325000e-01
   8.3046000e-01
   1.1740000e+00
   1.5192000e+00
   1.9172000e+00
   2.1854000e+00
   2.3899000e+00
   2.5184000e+00
   2.5652000e+00
   2.5332000e+00
   2.4348000e+00
   2.2915000e+00
   2.1304000e+00
   1.9799000e+00
   1.8646000e+00
   1.8014000e+00
   1.8076000e+00
   1.8887000e+00
   2.0380000e+00
   2.2555000e+00
   2.5366000e+00
   2.8689000e+00
   3.2302000e+00
   3.5917000e+00
   3.9219000e+00
   4.1934000e+00
   4.3863000e+00
   4.4896000e+00
   4.4875000e+00
   4.3925000e+00
   4.2243000e+00
   3.9960000e+00
   3.7210000e+00
   3.4120000e+00
   3.0806000e+00
   2.7367000e+00
   2.3886000e+00
   2.0435000e+00
   1.7073000e+00
   1.3856000e+00
   1.0104000e+00
   7.3920000e-01
   4.9916000e-01
   2.9662000e-01
   1.3913000e-01
   3.5919000e-02
  -1.5778000e-03
  -3.1040000e-03
   7.0303000e-02
   2.6310000e-01
   5.4068000e-01
   8.7390000e-01
   1.2371000e+00
   1.6072000e+00
   2.0451000e+00
   2.3533000e+00
   2.6055000e+00
   2.7863000e+00
   2.8950000e+00
   2.9494000e+00
   2.9531000e+00
   2.9276000e+00
   2.8998000e+00
   2.9098000e+00
   2.9738000e+00
   3.0669000e+00
   3.1870000e+00
   3.2690000e+00
   3.3374000e+00
   3.4106000e+00
   3.5131000e+00
   3.8751000e+00
   4.0087000e+00
   4.1794000e+00
   4.2816000e+00
   4.4495000e+00
   4.5516000e+00
   4.5741000e+00
   4.4838000e+00
   4.3291000e+00
   4.1116000e+00
   3.8452000e+00
   3.5434000e+00
   3.2187000e+00
   2.8816000e+00
   2.5408000e+00
   2.2031000e+00
   1.8741000e+00
   1.5583000e+00
   1.2596000e+00
   9.1496000e-01
   6.6789000e-01
   4.5036000e-01
   2.6744000e-01
   1.2547000e-01
   3.2426000e-02
  -1.4247000e-03
  -3.2096000e-03
   7.2582000e-02
   2.6936000e-01
   5.5102000e-01
   8.8939000e-01
   1.2610000e+00
   1.6450000e+00
   2.1133000e+00
   2.4539000e+00
   2.7463000e+00
   2.9729000e+00
   3.1662000e+00
   3.2925000e+00
   3.4176000e+00
   3.5819000e+00
   3.9285000e+00
   4.0659000e+00
   4.4513000e+00
   5.4876000e+00
   5.8411000e+00
   6.0024000e+00
   5.8475000e+00
   5.0381000e+00
   5.1314000e+00
   4.7603000e+00
   4.5783000e+00
   4.5794000e+00
   4.5984000e+00
   4.6098000e+00
   4.6135000e+00
   4.5259000e+00
   4.3784000e+00
   4.1674000e+00
   3.9056000e+00
   3.6064000e+00
   3.2842000e+00
   2.9507000e+00
   2.6153000e+00
   2.2853000e+00
   1.9658000e+00
   1.6606000e+00
   1.3725000e+00
   1.1039000e+00
   7.6442000e-01
   5.5591000e-01
   3.7389000e-01
   2.2174000e-01
   1.0402000e-01
   2.6918000e-02
  -1.1831000e-03
  -3.1292000e-03
   7.0676000e-02
   2.6054000e-01
   5.3096000e-01
   8.5586000e-01
   1.2143000e+00
   1.5878000e+00
   1.9611000e+00
   2.4334000e+00
   2.6705000e+00
   2.9420000e+00
   3.1592000e+00
   3.3715000e+00
   3.5910000e+00
   4.0234000e+00
   4.9206000e+00
   5.6221000e+00
   6.9162000e+00
   8.2134000e+00
   9.0996000e+00
   9.5316000e+00
   8.6577000e+00
   7.8276000e+00
   6.4241000e+00
   5.9094000e+00
   5.1523000e+00
   4.7850000e+00
   4.5981000e+00
   4.5399000e+00
   4.4496000e+00
   4.3114000e+00
   4.1132000e+00
   3.8614000e+00
   3.5698000e+00
   3.2537000e+00
   2.9248000e+00
   2.5941000e+00
   2.2717000e+00
   1.9632000e+00
   1.6719000e+00
   1.3999000e+00
   1.0271000e+00
   8.1268000e-01
   6.1968000e-01
   4.4868000e-01
   3.0083000e-01
   1.7807000e-01
   8.3492000e-02
   2.1626000e-02
  -9.5075000e-04
  -2.8507000e-03
   6.4300000e-02
   2.3531000e-01
   4.7747000e-01
   7.6813000e-01
   1.0895000e+00
   1.4253000e+00
   1.7585000e+00
   2.0623000e+00
   2.4260000e+00
   2.6548000e+00
   2.8540000e+00
   2.8885000e+00
   3.2432000e+00
   3.9068000e+00
   5.4893000e+00
   7.5251000e+00
   9.8271000e+00
   1.2568000e+01
   1.3862000e+01
   1.5410000e+01
   1.3610000e+01
   1.0441000e+01
   8.8862000e+00
   6.5242000e+00
   5.1530000e+00
   4.5275000e+00
   4.1589000e+00
   4.1123000e+00
   3.9923000e+00
   3.8375000e+00
   3.6241000e+00
   3.3606000e+00
   3.0662000e+00
   2.7547000e+00
   2.4430000e+00
   2.1374000e+00
   1.8438000e+00
   1.5702000e+00
   1.3191000e+00
   9.5390000e-01
   7.6664000e-01
   6.0027000e-01
   4.5368000e-01
   3.2614000e-01
   2.1749000e-01
   1.2828000e-01
   6.0053000e-02
   1.5565000e-02
  -6.8446000e-04
  -2.3422000e-03
   5.2745000e-02
   1.9124000e-01
   3.8582000e-01
   6.1858000e-01
   8.7542000e-01
   1.1412000e+00
   1.3897000e+00
   1.7763000e+00
   1.8799000e+00
   1.9517000e+00
   1.7435000e+00
   1.7771000e+00
   2.0033000e+00
   2.6999000e+00
   4.4426000e+00
   8.3233000e+00
   1.2745000e+01
  -2.9565000e+00
  -2.9248000e+00
  -2.8582000e+00
  -2.7981000e+00
  -2.6683000e+00
   1.0645000e+01
   6.9272000e+00
   4.4350000e+00
   3.2026000e+00
   2.9843000e+00
   3.1552000e+00
   3.1178000e+00
   3.0320000e+00
   2.8638000e+00
   2.6326000e+00
   2.3652000e+00
   2.0843000e+00
   1.8190000e+00
   1.5659000e+00
   1.3251000e+00
   1.1059000e+00
   7.5351000e-01
   6.0236000e-01
   4.7277000e-01
   3.6227000e-01
   2.6862000e-01
   1.9000000e-01
   1.2507000e-01
   7.3095000e-02
   3.4042000e-02
   8.8187000e-03
  -3.8792000e-04
  -1.5940000e-03
   3.5797000e-02
   1.2775000e-01
   2.5505000e-01
   4.0598000e-01
   5.7049000e-01
   7.3200000e-01
   8.4903000e-01
   1.1008000e+00
   1.1052000e+00
   6.9570000e-01
   1.4064000e-01
  -2.8575000e-01
  -9.5314000e-01
  -8.3890000e-02
  -2.5717000e+00
  -2.6156000e+00
  -2.6088000e+00
  -2.7036000e+00
  -2.6646000e+00
  -2.6464000e+00
  -2.6216000e+00
  -2.4978000e+00
  -2.4313000e+00
  -2.2976000e+00
   1.7178000e+00
   4.1006000e-01
   5.8437000e-01
   8.5748000e-01
   1.7510000e+00
   1.8643000e+00
   1.8213000e+00
   1.6747000e+00
   1.4800000e+00
   1.2605000e+00
   1.0552000e+00
   8.7706000e-01
   7.1490000e-01
   5.7156000e-01
   2.9697000e-01
   2.1455000e-01
   1.5115000e-01
   1.0342000e-01
   6.8309000e-02
   4.3121000e-02
   2.5554000e-02
   1.3687000e-02
   6.0154000e-03
   1.5314000e-03
  -6.7430000e-05
  -6.2413000e-04
   1.3874000e-02
   4.6566000e-02
   8.9025000e-02
   1.3717000e-01
   1.8564000e-01
   2.1706000e-01
   1.6998000e-01
   1.9274000e-02
   3.5761000e-02
  -9.0892000e-01
  -1.9480000e+00
  -3.4142000e+00
  -5.8627000e+00
  -2.1748000e+00
  -2.1784000e+00
  -2.2561000e+00
  -2.3805000e+00
  -2.4269000e+00
  -2.4197000e+00
  -2.4043000e+00
  -2.3584000e+00
  -2.3165000e+00
  -2.2540000e+00
  -2.1701000e+00
  -2.0482000e+00
  -1.9245000e+00
  -2.9608000e+00
  -1.8669000e+00
  -9.7201000e-02
   3.7029000e-01
   5.4146000e-01
   5.3186000e-01
   4.4001000e-01
   3.1128000e-01
   1.9169000e-01
   9.1263000e-02
   2.1533000e-02
  -1.8066000e-01
  -1.9448000e-01
  -1.9935000e-01
  -1.8966000e-01
  -1.6931000e-01
  -1.4183000e-01
  -1.1050000e-01
  -7.8350000e-02
  -4.8307000e-02
  -2.3254000e-02
  -6.0957000e-03
   2.6816000e-04
   5.1833000e-04
  -1.1912000e-02
  -4.8100000e-02
  -1.0328000e-01
  -1.7240000e-01
  -2.5482000e-01
  -3.6098000e-01
  -5.7493000e-01
  -7.4399000e-01
  -1.5739000e+00
  -2.5939000e+00
  -4.6326000e+00
  -7.5368000e+00
  -1.5148000e+00
  -1.7624000e+00
  -1.8154000e+00
  -1.9210000e+00
  -2.0625000e+00
  -2.1345000e+00
  -2.1575000e+00
  -2.1729000e+00
  -2.1886000e+00
  -2.1215000e+00
  -2.0799000e+00
  -1.9921000e+00
  -1.9417000e+00
  -1.8124000e+00
  -1.6915000e+00
  -5.4075000e+00
  -3.0796000e+00
  -1.8408000e+00
  -1.2989000e+00
  -7.2224000e-01
  -6.9641000e-01
  -7.2098000e-01
  -7.4431000e-01
  -7.4676000e-01
  -7.1110000e-01
  -7.8520000e-01
  -7.0415000e-01
  -6.2536000e-01
  -5.3825000e-01
  -4.4684000e-01
  -3.5484000e-01
  -2.6578000e-01
  -1.8321000e-01
  -1.1084000e-01
  -5.2795000e-02
  -1.3807000e-02
   6.0760000e-04
   1.7562000e-03
  -3.9820000e-02
  -1.4979000e-01
  -3.0841000e-01
  -4.9993000e-01
  -7.1558000e-01
  -9.5381000e-01
  -1.1887000e+00
  -1.9222000e+00
  -2.7406000e+00
  -3.7777000e+00
  -6.7656000e+00
  -8.9463000e-01
  -1.1281000e+00
  -1.2863000e+00
  -1.4752000e+00
  -1.6302000e+00
  -1.7261000e+00
  -1.8458000e+00
  -1.8937000e+00
  -1.9253000e+00
  -1.9585000e+00
  -1.9435000e+00
  -1.9138000e+00
  -1.8540000e+00
  -1.7751000e+00
  -1.7059000e+00
  -1.5998000e+00
  -8.2813000e+00
  -4.5626000e+00
  -3.2779000e+00
  -2.6520000e+00
  -2.3485000e+00
  -2.1665000e+00
  -1.7692000e+00
  -1.7032000e+00
  -1.5963000e+00
  -1.4507000e+00
  -1.3858000e+00
  -1.2109000e+00
  -1.0463000e+00
  -8.8082000e-01
  -7.1838000e-01
  -5.6253000e-01
  -4.1682000e-01
  -2.8505000e-01
  -1.7153000e-01
  -8.1481000e-02
  -2.1307000e-02
   9.3779000e-04
   2.9922000e-03
  -6.7658000e-02
  -2.5055000e-01
  -5.1005000e-01
  -8.1841000e-01
  -1.1558000e+00
  -1.5049000e+00
  -2.1046000e+00
  -2.5399000e+00
  -3.2190000e+00
  -4.3772000e+00
  -3.2670000e-01
  -5.6372000e-01
  -7.4744000e-01
  -1.0149000e+00
  -1.1931000e+00
  -1.3459000e+00
  -1.4530000e+00
  -1.6028000e+00
  -1.6558000e+00
  -1.7069000e+00
  -1.7782000e+00
  -1.7584000e+00
  -1.7548000e+00
  -1.7064000e+00
  -1.6593000e+00
  -1.5897000e+00
  -1.4923000e+00
  -1.4050000e+00
  -5.7978000e+00
  -4.5710000e+00
  -3.9400000e+00
  -3.4682000e+00
  -3.2652000e+00
  -2.9699000e+00
  -2.6544000e+00
  -2.4219000e+00
  -2.1550000e+00
  -2.1623000e+00
  -1.8734000e+00
  -1.4427000e+00
  -1.2020000e+00
  -9.7202000e-01
  -7.5597000e-01
  -5.5720000e-01
  -3.7956000e-01
  -2.2783000e-01
  -1.0809000e-01
  -2.8272000e-02
   1.2445000e-03
   4.1213000e-03
  -9.3068000e-02
  -3.4191000e-01
  -6.9130000e-01
  -1.1008000e+00
  -1.5368000e+00
  -1.9669000e+00
  -2.5568000e+00
  -2.8176000e+00
  -3.3639000e+00
  -3.9462000e+00
   9.0110000e-02
  -1.3102000e-01
  -4.6176000e-01
  -6.4196000e-01
  -8.6298000e-01
  -1.0470000e+00
  -1.2346000e+00
  -1.3525000e+00
  -1.4765000e+00
  -1.5358000e+00
  -1.6069000e+00
  -1.5968000e+00
  -1.6001000e+00
  -1.5923000e+00
  -1.5424000e+00
  -1.4954000e+00
  -1.4048000e+00
  -1.3250000e+00
  -5.6742000e+00
  -5.0570000e+00
  -4.6478000e+00
  -4.4678000e+00
  -4.2537000e+00
  -3.9610000e+00
  -3.5376000e+00
  -3.1660000e+00
  -3.0611000e+00
  -2.6659000e+00
  -2.3042000e+00
  -1.9595000e+00
  -1.4860000e+00
  -1.1956000e+00
  -9.2611000e-01
  -6.8044000e-01
  -4.6244000e-01
  -2.7717000e-01
  -1.3142000e-01
  -3.4379000e-02
   1.5135000e-03
   5.0444000e-03
  -1.1383000e-01
  -4.1606000e-01
  -8.3698000e-01
  -1.3240000e+00
  -1.8288000e+00
  -2.3009000e+00
  -2.6852000e+00
  -2.9061000e+00
  -2.8398000e+00
   6.8853000e-01
   4.2398000e-01
   9.5296000e-02
  -9.6963000e-02
  -4.0350000e-01
  -6.2878000e-01
  -8.6957000e-01
  -1.0189000e+00
  -1.1406000e+00
  -1.2674000e+00
  -1.3856000e+00
  -1.4534000e+00
  -1.4678000e+00
  -1.5022000e+00
  -1.4775000e+00
  -1.4485000e+00
  -1.3922000e+00
  -1.3433000e+00
  -1.2580000e+00
  -1.1728000e+00
  -4.6614000e+00
  -5.0952000e+00
  -5.1499000e+00
  -4.9332000e+00
  -4.7491000e+00
  -4.3389000e+00
  -3.7763000e+00
  -3.5129000e+00
  -3.0732000e+00
  -2.6488000e+00
  -2.2435000e+00
  -1.8609000e+00
  -1.3779000e+00
  -1.0645000e+00
  -7.8054000e-01
  -5.2968000e-01
  -3.1716000e-01
  -1.5031000e-01
  -3.9328000e-02
   1.7315000e-03
   5.6802000e-03
  -1.2811000e-01
  -4.6672000e-01
  -9.3540000e-01
  -1.4718000e+00
  -2.0145000e+00
  -2.4911000e+00
  -2.8251000e+00
  -2.6694000e+00
  -1.8686000e+00
   1.0089000e+00
   7.0154000e-01
   3.8019000e-01
   7.0568000e-02
  -2.1984000e-01
  -4.7035000e-01
  -7.3025000e-01
  -8.4168000e-01
  -1.0041000e+00
  -1.1247000e+00
  -1.2546000e+00
  -1.3028000e+00
  -1.3714000e+00
  -1.3847000e+00
  -1.3870000e+00
  -1.3667000e+00
  -1.3351000e+00
  -1.2730000e+00
  -1.2158000e+00
  -1.1240000e+00
  -4.0268000e+00
  -5.2262000e+00
  -5.5465000e+00
  -5.4959000e+00
  -5.2592000e+00
  -4.8037000e+00
  -4.3501000e+00
  -3.8352000e+00
  -3.3555000e+00
  -2.8863000e+00
  -2.4393000e+00
  -2.0193000e+00
  -1.6287000e+00
  -1.1640000e+00
  -8.5245000e-01
  -5.7794000e-01
  -3.4583000e-01
  -1.6384000e-01
  -4.2867000e-02
   1.8874000e-03
   6.0012000e-03
  -1.3531000e-01
  -4.9184000e-01
  -9.8298000e-01
  -1.5402000e+00
  -2.0929000e+00
  -2.5520000e+00
  -2.7713000e+00
  -2.4774000e+00
  -1.2753000e+00
   1.1418000e+00
   8.0823000e-01
   4.9826000e-01
   2.0357000e-01
  -8.9943000e-02
  -3.2568000e-01
  -5.6819000e-01
  -7.4309000e-01
  -9.1019000e-01
  -1.0412000e+00
  -1.1518000e+00
  -1.2258000e+00
  -1.2840000e+00
  -1.3232000e+00
  -1.3355000e+00
  -1.3262000e+00
  -1.2923000e+00
  -1.2517000e+00
  -1.1961000e+00
  -1.1272000e+00
  -3.2474000e+00
  -5.1551000e+00
  -5.7385000e+00
  -5.7397000e+00
  -5.4350000e+00
  -4.9973000e+00
  -4.4995000e+00
  -4.0027000e+00
  -3.4946000e+00
  -3.0024000e+00
  -2.5355000e+00
  -2.0975000e+00
  -1.6907000e+00
  -1.2277000e+00
  -8.9845000e-01
  -6.0873000e-01
  -3.6406000e-01
  -1.7241000e-01
  -4.5095000e-02
   1.9854000e-03
   5.8338000e-03
  -1.3153000e-01
  -4.7795000e-01
  -9.5472000e-01
  -1.4947000e+00
  -2.0288000e+00
  -2.4698000e+00
  -2.6716000e+00
  -2.3665000e+00
  -1.0698000e+00
   1.1558000e+00
   8.2972000e-01
   5.2530000e-01
   2.1680000e-01
  -2.8962000e-02
  -3.0013000e-01
  -5.1166000e-01
  -6.9571000e-01
  -8.6178000e-01
  -9.8785000e-01
  -1.0922000e+00
  -1.2058000e+00
  -1.2573000e+00
  -1.2915000e+00
  -1.3086000e+00
  -1.3055000e+00
  -1.2836000e+00
  -1.2470000e+00
  -1.1965000e+00
  -1.1347000e+00
  -3.3234000e+00
  -4.9132000e+00
  -5.7054000e+00
  -5.7038000e+00
  -5.4243000e+00
  -4.9608000e+00
  -4.5530000e+00
  -3.9733000e+00
  -3.4786000e+00
  -2.9910000e+00
  -2.5273000e+00
  -2.0917000e+00
  -1.6866000e+00
  -1.2250000e+00
  -8.9647000e-01
  -6.0731000e-01
  -3.6312000e-01
  -1.7190000e-01
  -4.4938000e-02
   1.9783000e-03
   5.3090000e-03
  -1.1972000e-01
  -4.3547000e-01
  -8.7071000e-01
  -1.3653000e+00
  -1.8590000e+00
  -2.2796000e+00
  -2.5303000e+00
  -2.3300000e+00
  -1.6269000e+00
   1.1083000e+00
   7.7682000e-01
   4.9799000e-01
   1.9108000e-01
  -8.3726000e-02
  -3.3057000e-01
  -5.3696000e-01
  -7.1056000e-01
  -8.5820000e-01
  -1.0088000e+00
  -1.1124000e+00
  -1.1890000e+00
  -1.2606000e+00
  -1.2985000e+00
  -1.3139000e+00
  -1.3180000e+00
  -1.3022000e+00
  -1.2746000e+00
  -1.2136000e+00
  -1.1616000e+00
  -3.6793000e+00
  -5.0356000e+00
  -5.4617000e+00
  -5.4426000e+00
  -5.1666000e+00
  -4.7184000e+00
  -4.3185000e+00
  -3.7722000e+00
  -3.3122000e+00
  -2.8545000e+00
  -2.4169000e+00
  -2.0037000e+00
  -1.6177000e+00
  -1.1764000e+00
  -8.6131000e-01
  -5.8360000e-01
  -3.4889000e-01
  -1.6508000e-01
  -4.3121000e-02
   1.8980000e-03
   4.4692000e-03
  -1.0082000e-01
  -3.6764000e-01
  -7.3691000e-01
  -1.1596000e+00
  -1.5896000e+00
  -2.0510000e+00
  -2.2870000e+00
  -2.3697000e+00
  -2.1854000e+00
  -1.5958000e+00
   5.7398000e-01
   2.8191000e-01
   7.7958000e-03
  -1.6443000e-01
  -4.2778000e-01
  -5.6498000e-01
  -8.0062000e-01
  -9.2516000e-01
  -1.0769000e+00
  -1.1717000e+00
  -1.2382000e+00
  -1.2947000e+00
  -1.3417000e+00
  -1.3727000e+00
  -1.3620000e+00
  -1.3538000e+00
  -1.3269000e+00
  -1.2817000e+00
  -1.2284000e+00
  -4.3910000e+00
  -4.7923000e+00
  -4.8924000e+00
  -4.9534000e+00
  -4.6900000e+00
  -4.2783000e+00
  -3.8089000e+00
  -3.4136000e+00
  -3.0087000e+00
  -2.6044000e+00
  -2.2131000e+00
  -1.8403000e+00
  -1.4894000e+00
  -1.0854000e+00
  -7.9557000e-01
  -5.3932000e-01
  -3.2239000e-01
  -1.5245000e-01
  -3.9772000e-02
   1.7502000e-03
   3.3835000e-03
  -7.6382000e-02
  -2.7978000e-01
  -5.6306000e-01
  -8.9060000e-01
  -1.2321000e+00
  -1.6277000e+00
  -1.9009000e+00
  -2.2312000e+00
  -2.5417000e+00
  -3.1302000e+00
   3.3750000e-01
   8.9081000e-02
  -1.3758000e-01
  -3.6940000e-01
  -5.4321000e-01
  -7.4363000e-01
  -8.7244000e-01
  -1.0536000e+00
  -1.1688000e+00
  -1.2485000e+00
  -1.3000000e+00
  -1.3837000e+00
  -1.4249000e+00
  -1.4616000e+00
  -1.4502000e+00
  -1.4375000e+00
  -1.4374000e+00
  -1.3982000e+00
  -5.2527000e+00
  -4.6695000e+00
  -4.3795000e+00
  -4.2059000e+00
  -4.2182000e+00
  -3.7504000e+00
  -3.6654000e+00
  -3.2610000e+00
  -2.9279000e+00
  -2.5931000e+00
  -2.2593000e+00
  -1.9308000e+00
  -1.6131000e+00
  -1.3104000e+00
  -9.5834000e-01
  -7.0360000e-01
  -4.7736000e-01
  -2.8534000e-01
  -1.3481000e-01
  -3.5109000e-02
   1.5445000e-03
   2.1419000e-03
  -4.8425000e-02
  -1.7892000e-01
  -3.6241000e-01
  -5.7713000e-01
  -8.0670000e-01
  -1.1044000e+00
  -1.4052000e+00
  -1.6357000e+00
  -2.3769000e+00
  -3.6402000e+00
  -4.7872000e-02
  -2.2026000e-01
  -4.4380000e-01
  -5.7961000e-01
  -7.9749000e-01
  -9.7344000e-01
  -1.0580000e+00
  -1.1871000e+00
  -1.2979000e+00
  -1.4003000e+00
  -1.4360000e+00
  -1.4821000e+00
  -1.5573000e+00
  -1.5681000e+00
  -1.5845000e+00
  -1.5750000e+00
  -1.5606000e+00
  -1.5381000e+00
  -5.4673000e+00
  -4.0960000e+00
  -3.4577000e+00
  -3.2029000e+00
  -3.0416000e+00
  -2.8951000e+00
  -2.7123000e+00
  -2.6102000e+00
  -2.3509000e+00
  -2.0964000e+00
  -1.8436000e+00
  -1.5893000e+00
  -1.3373000e+00
  -1.0925000e+00
  -8.0309000e-01
  -5.9110000e-01
  -4.0153000e-01
  -2.4001000e-01
  -1.1325000e-01
  -2.9416000e-02
   1.2934000e-03
   8.4669000e-04
  -1.9243000e-02
  -7.3163000e-02
  -1.5075000e-01
  -2.4292000e-01
  -3.4510000e-01
  -5.1556000e-01
  -7.3310000e-01
  -1.1475000e+00
  -1.7592000e+00
  -2.8117000e+00
  -5.3424000e+00
  -6.3258000e-01
  -8.0834000e-01
  -9.2955000e-01
  -1.0993000e+00
  -1.1917000e+00
  -1.3052000e+00
  -1.3717000e+00
  -1.4906000e+00
  -1.5440000e+00
  -1.6182000e+00
  -1.6587000e+00
  -1.6993000e+00
  -1.6910000e+00
  -1.7505000e+00
  -1.7196000e+00
  -1.7024000e+00
  -7.3904000e+00
  -4.9388000e+00
  -3.2159000e+00
  -2.3991000e+00
  -2.1197000e+00
  -2.0114000e+00
  -1.9506000e+00
  -1.8705000e+00
  -1.8969000e+00
  -1.7216000e+00
  -1.5528000e+00
  -1.3845000e+00
  -1.2103000e+00
  -1.0299000e+00
  -8.4882000e-01
  -6.2892000e-01
  -4.6468000e-01
  -3.1623000e-01
  -1.8900000e-01
  -8.8999000e-02
  -2.3023000e-02
   1.0115000e-03
  -3.9932000e-04
   8.8528000e-03
   2.9170000e-02
   5.5444000e-02
   8.5947000e-02
   1.1606000e-01
   1.0634000e-01
   1.2853000e-02
  -2.0859000e-01
  -6.8385000e-01
  -1.7129000e+00
  -3.9485000e+00
  -6.4253000e+00
  -1.1986000e+00
  -1.2754000e+00
  -1.4113000e+00
  -1.4786000e+00
  -1.5568000e+00
  -1.6528000e+00
  -1.7123000e+00
  -1.7708000e+00
  -1.8247000e+00
  -1.8722000e+00
  -1.9164000e+00
  -1.9190000e+00
  -1.8981000e+00
  -1.9262000e+00
  -1.8960000e+00
  -4.6237000e+00
  -2.4559000e+00
  -1.5332000e+00
  -1.1109000e+00
  -9.5039000e-01
  -9.3847000e-01
  -9.7794000e-01
  -1.0079000e+00
  -9.9490000e-01
  -1.0832000e+00
  -9.9565000e-01
  -9.1044000e-01
  -8.1646000e-01
  -7.0893000e-01
  -5.9328000e-01
  -4.4555000e-01
  -3.3129000e-01
  -2.2612000e-01
  -1.3510000e-01
  -6.3387000e-02
  -1.6279000e-02
   7.1418000e-04
  -1.5039000e-03
   3.3812000e-02
   1.2064000e-01
   2.4124000e-01
   3.8472000e-01
   5.3961000e-01
   6.9955000e-01
   7.5018000e-01
   6.8579000e-01
   4.2147000e-01
  -2.1354000e-01
  -1.2903000e+00
  -2.4860000e+00
  -1.6204000e+00
  -1.6863000e+00
  -1.7928000e+00
  -1.8472000e+00
  -1.8936000e+00
  -1.9001000e+00
  -1.9741000e+00
  -2.0326000e+00
  -2.0442000e+00
  -2.1181000e+00
  -2.1164000e+00
  -2.1563000e+00
  -2.1373000e+00
  -2.1036000e+00
  -3.0488000e+00
  -1.5037000e+00
  -5.2853000e-01
  -1.3344000e-03
   2.0099000e-01
   1.9920000e-01
   9.2418000e-02
  -4.9934000e-02
  -1.8579000e-01
  -2.7177000e-01
  -4.6203000e-01
  -4.5400000e-01
  -4.4715000e-01
  -4.2905000e-01
  -3.9138000e-01
  -3.3927000e-01
  -2.6243000e-01
  -1.9777000e-01
  -1.3578000e-01
  -8.1037000e-02
  -3.7710000e-02
  -9.5285000e-03
   4.1668000e-04
  -2.4090000e-03
   5.4058000e-02
   1.9571000e-01
   3.9505000e-01
   6.3306000e-01
   8.9317000e-01
   1.2066000e+00
   1.3998000e+00
   1.5137000e+00
   1.7302000e+00
   1.6399000e+00
   8.5763000e-01
   3.7136000e-01
   3.6958000e-01
   1.5139000e+00
  -2.2538000e+00
  -2.2586000e+00
  -2.2410000e+00
  -2.2952000e+00
  -2.2780000e+00
  -2.3161000e+00
  -2.3838000e+00
  -2.4093000e+00
  -2.4049000e+00
  -2.4307000e+00
   7.1193000e-01
   5.5034000e-01
   6.0732000e-01
   8.7463000e-01
   1.2079000e+00
   1.3586000e+00
   1.3417000e+00
   1.2030000e+00
   9.9628000e-01
   7.6839000e-01
   5.5334000e-01
   3.8805000e-01
   1.1643000e-01
   4.9638000e-02
  -1.7248000e-02
  -6.6795000e-02
  -9.2423000e-02
  -9.8815000e-02
  -8.8166000e-02
  -7.0332000e-02
  -4.9421000e-02
  -2.9321000e-02
  -1.3162000e-02
  -3.0858000e-03
   1.3284000e-04
  -3.0591000e-03
   6.8931000e-02
   2.5133000e-01
   5.0925000e-01
   8.1746000e-01
   1.1560000e+00
   1.5047000e+00
   1.8988000e+00
   2.2062000e+00
   2.4338000e+00
   2.5758000e+00
   2.6310000e+00
   2.4454000e+00
   2.8758000e+00
   3.8788000e+00
   5.9002000e+00
   9.3600000e+00
  -2.6362000e+00
  -2.6378000e+00
  -2.6967000e+00
  -2.6279000e+00
  -2.6110000e+00
  -2.7251000e+00
   1.0100000e+01
   5.6911000e+00
   3.5852000e+00
   3.1087000e+00
   2.4503000e+00
   2.5465000e+00
   2.5079000e+00
   2.4169000e+00
   2.2434000e+00
   2.0050000e+00
   1.7275000e+00
   1.4401000e+00
   1.1709000e+00
   9.5321000e-01
   6.2657000e-01
   4.9194000e-01
   3.6230000e-01
   2.5529000e-01
   1.7551000e-01
   1.1809000e-01
   7.0004000e-02
   4.5711000e-02
   2.9372000e-02
   1.7892000e-02
   9.2337000e-03
   2.7800000e-03
  -1.2546000e-04
  -3.4501000e-03
   7.7955000e-02
   2.8592000e-01
   5.8047000e-01
   9.3292000e-01
   1.3205000e+00
   1.7238000e+00
   2.2107000e+00
   2.5280000e+00
   2.8475000e+00
   3.1076000e+00
   3.3164000e+00
   3.4957000e+00
   3.9602000e+00
   4.5508000e+00
   5.9041000e+00
   7.7891000e+00
   1.0707000e+01
   1.3524000e+01
   1.4621000e+01
   1.5148000e+01
   1.3155000e+01
   1.1611000e+01
   8.5869000e+00
   6.3896000e+00
   4.6633000e+00
   4.1848000e+00
   3.5775000e+00
   3.4836000e+00
   3.3053000e+00
   3.1121000e+00
   2.8673000e+00
   2.5787000e+00
   2.2652000e+00
   1.9468000e+00
   1.6551000e+00
   1.4045000e+00
   1.0480000e+00
   8.5677000e-01
   6.7731000e-01
   5.2636000e-01
   4.0320000e-01
   3.0385000e-01
   2.0646000e-01
   1.4621000e-01
   9.7760000e-02
   5.8896000e-02
   2.8667000e-02
   7.8570000e-03
  -3.4891000e-04
  -3.6053000e-03
   8.1414000e-02
   3.0027000e-01
   6.1131000e-01
   9.8332000e-01
   1.3913000e+00
   1.8133000e+00
   2.2312000e+00
   2.6268000e+00
   2.9797000e+00
   3.2786000e+00
   3.5284000e+00
   3.7637000e+00
   4.1778000e+00
   4.6596000e+00
   5.2555000e+00
   6.5068000e+00
   8.3091000e+00
   8.8549000e+00
   9.8640000e+00
   9.5535000e+00
   9.6581000e+00
   7.8092000e+00
   7.1117000e+00
   5.7264000e+00
   4.7314000e+00
   4.3623000e+00
   4.0601000e+00
   3.8292000e+00
   3.6591000e+00
   3.4569000e+00
   3.2097000e+00
   2.9213000e+00
   2.6075000e+00
   2.2903000e+00
   1.9968000e+00
   1.7294000e+00
   1.3610000e+00
   1.1312000e+00
   9.2152000e-01
   7.3979000e-01
   5.8474000e-01
   4.5343000e-01
   3.3990000e-01
   2.4502000e-01
   1.6521000e-01
   9.9366000e-02
   4.7817000e-02
   1.2840000e-02
  -5.6807000e-04
  -3.5019000e-03
   7.9165000e-02
   2.9309000e-01
   5.9774000e-01
   9.6162000e-01
   1.3589000e+00
   1.7673000e+00
   2.1664000e+00
   2.5430000e+00
   2.8821000e+00
   3.1710000e+00
   3.4010000e+00
   3.5910000e+00
   3.7751000e+00
   4.0136000e+00
   4.4293000e+00
   4.8876000e+00
   5.3783000e+00
   6.3190000e+00
   6.5750000e+00
   6.7239000e+00
   5.9160000e+00
   5.9148000e+00
   5.0627000e+00
   4.8511000e+00
   4.2245000e+00
   4.0642000e+00
   3.9411000e+00
   3.8180000e+00
   3.6610000e+00
   3.5096000e+00
   3.3036000e+00
   3.0507000e+00
   2.7663000e+00
   2.4742000e+00
   2.1913000e+00
   1.9214000e+00
   1.5646000e+00
   1.3176000e+00
   1.0926000e+00
   8.9287000e-01
   7.1734000e-01
   5.4795000e-01
   4.1599000e-01
   3.0178000e-01
   2.0410000e-01
   1.2272000e-01
   5.8840000e-02
   1.5692000e-02
  -6.9332000e-04
  -3.2431000e-03
   7.3364000e-02
   2.7254000e-01
   5.5663000e-01
   8.9522000e-01
   1.2628000e+00
   1.6372000e+00
   1.9983000e+00
   2.3313000e+00
   2.6250000e+00
   2.8719000e+00
   3.0545000e+00
   3.1771000e+00
   3.2615000e+00
   3.3183000e+00
   3.5245000e+00
   3.7374000e+00
   3.9349000e+00
   4.1385000e+00
   4.0534000e+00
   3.9983000e+00
   4.2372000e+00
   3.7529000e+00
   3.8874000e+00
   3.4701000e+00
   3.5138000e+00
   3.5295000e+00
   3.5384000e+00
   3.5363000e+00
   3.4958000e+00
   3.3321000e+00
   3.1925000e+00
   2.9970000e+00
   2.7625000e+00
   2.5083000e+00
   2.2489000e+00
   1.9213000e+00
   1.6646000e+00
   1.4191000e+00
   1.1923000e+00
   9.8622000e-01
   7.6898000e-01
   6.0730000e-01
   4.6392000e-01
   3.3796000e-01
   2.2904000e-01
   1.3770000e-01
   6.5877000e-02
   1.7493000e-02
  -7.7225000e-04
  -2.8719000e-03
   6.5008000e-02
   2.4222000e-01
   4.9520000e-01
   7.9581000e-01
   1.1198000e+00
   1.4460000e+00
   1.7552000e+00
   2.0314000e+00
   2.2660000e+00
   2.4534000e+00
   2.5766000e+00
   2.6316000e+00
   2.6353000e+00
   2.5836000e+00
   2.6426000e+00
   2.4698000e+00
   2.5542000e+00
   2.5039000e+00
   2.4909000e+00
   2.7024000e+00
   2.4018000e+00
   2.6425000e+00
   2.8652000e+00
   2.6057000e+00
   2.7648000e+00
   2.8904000e+00
   3.0158000e+00
   3.0902000e+00
   3.1220000e+00
   2.9981000e+00
   2.9250000e+00
   2.7969000e+00
   2.6201000e+00
   2.4115000e+00
   2.1876000e+00
   1.9147000e+00
   1.6748000e+00
   1.4434000e+00
   1.2254000e+00
   9.7447000e-01
   7.9486000e-01
   6.3160000e-01
   4.8473000e-01
   3.5423000e-01
   2.4044000e-01
   1.4454000e-01
   6.9039000e-02
   1.8275000e-02
  -8.0630000e-04
  -2.4284000e-03
   5.4998000e-02
   2.0542000e-01
   4.2013000e-01
   6.7419000e-01
   9.4561000e-01
   1.2148000e+00
   1.4641000e+00
   1.6781000e+00
   1.8476000e+00
   1.9684000e+00
   2.0330000e+00
   2.0308000e+00
   1.9669000e+00
   1.8522000e+00
   1.8294000e+00
   1.6331000e+00
   1.4411000e+00
   1.5412000e+00
   1.4515000e+00
   1.2988000e+00
   1.4762000e+00
   1.7206000e+00
   1.5929000e+00
   1.8146000e+00
   2.0267000e+00
   2.2173000e+00
   2.4260000e+00
   2.5612000e+00
   2.6527000e+00
   2.5721000e+00
   2.5598000e+00
   2.4900000e+00
   2.3703000e+00
   2.2113000e+00
   2.0287000e+00
   1.8206000e+00
   1.6087000e+00
   1.3998000e+00
   1.1348000e+00
   9.5189000e-01
   7.8097000e-01
   6.2372000e-01
   4.8051000e-01
   3.5202000e-01
   2.3922000e-01
   1.4380000e-01
   6.8590000e-02
   1.8109000e-02
  -7.9860000e-04
  -1.9453000e-03
   4.4074000e-02
   1.6488000e-01
   3.3703000e-01
   5.3946000e-01
   7.5309000e-01
   9.6068000e-01
   1.1467000e+00
   1.2976000e+00
   1.4031000e+00
   1.4610000e+00
   1.4689000e+00
   1.4162000e+00
   1.3043000e+00
   9.3228000e-01
   1.0844000e+00
   8.8076000e-01
   6.9837000e-01
   5.9320000e-01
   4.2865000e-01
   4.2830000e-01
   6.8295000e-01
   5.3526000e-01
   8.8901000e-01
   1.0939000e+00
   1.3296000e+00
   1.5609000e+00
   1.8228000e+00
   2.0006000e+00
   2.1347000e+00
   2.0924000e+00
   2.1276000e+00
   2.1100000e+00
   2.0425000e+00
   1.9339000e+00
   1.7975000e+00
   1.6428000e+00
   1.4773000e+00
   1.2201000e+00
   1.0509000e+00
   8.8750000e-01
   7.3227000e-01
   5.8745000e-01
   4.5405000e-01
   3.3333000e-01
   2.2672000e-01
   1.3625000e-01
   6.4904000e-02
   1.7095000e-02
  -7.5353000e-04
  -1.4468000e-03
   3.2786000e-02
   1.2266000e-01
   2.5018000e-01
   3.9854000e-01
   5.5215000e-01
   6.9662000e-01
   8.1892000e-01
   9.0766000e-01
   9.5369000e-01
   9.5420000e-01
   9.0773000e-01
   8.1478000e-01
   4.7007000e-01
   2.7972000e-01
   1.8896000e-01
  -1.3057000e-03
  -1.6051000e-01
  -2.6162000e-01
  -2.8652000e-01
  -2.6372000e-01
  -1.6364000e-01
  -2.0881000e-03
   1.1998000e-01
   4.3809000e-01
   5.9236000e-01
   8.4043000e-01
   1.0753000e+00
   1.2807000e+00
   1.4533000e+00
   1.5827000e+00
   1.6592000e+00
   1.6844000e+00
   1.6638000e+00
   1.6030000e+00
   1.5128000e+00
   1.4008000e+00
   1.1866000e+00
   1.0679000e+00
   9.2733000e-01
   7.8854000e-01
   6.5434000e-01
   5.2718000e-01
   4.0871000e-01
   3.0058000e-01
   2.0457000e-01
   1.2287000e-01
   5.8437000e-02
   1.5352000e-02
  -6.7638000e-04
  -9.4822000e-04
   2.1484000e-02
   8.0151000e-02
   1.6249000e-01
   2.5625000e-01
   3.4964000e-01
   4.3147000e-01
   4.9142000e-01
   5.2049000e-01
   5.1156000e-01
   4.6091000e-01
   2.0491000e-01
   5.6239000e-02
  -1.2779000e-01
  -3.2780000e-01
  -4.3441000e-01
  -6.1815000e-01
  -7.7111000e-01
  -8.7458000e-01
  -9.1825000e-01
  -8.9949000e-01
  -8.0931000e-01
  -6.6379000e-01
  -4.8862000e-01
  -2.6861000e-01
  -1.9312000e-02
   2.3617000e-01
   4.8253000e-01
   7.0674000e-01
   9.0182000e-01
   1.0594000e+00
   1.1675000e+00
   1.2307000e+00
   1.2511000e+00
   1.2352000e+00
   1.1896000e+00
   1.0282000e+00
   9.4795000e-01
   8.5598000e-01
   7.7303000e-01
   6.6246000e-01
   5.5316000e-01
   4.4771000e-01
   3.4816000e-01
   2.5647000e-01
   1.7458000e-01
   1.0475000e-01
   4.9706000e-02
   1.3014000e-02
  -5.7303000e-04
  -4.5739000e-04
   1.0349000e-02
   3.8121000e-02
   7.5693000e-02
   1.1552000e-01
   1.4980000e-01
   1.7066000e-01
   1.7058000e-01
   1.4294000e-01
   8.2597000e-02
  -1.3346000e-02
  -3.1069000e-01
  -4.8780000e-01
  -6.8621000e-01
  -8.9531000e-01
  -1.0123000e+00
  -1.1965000e+00
  -1.3465000e+00
  -1.4493000e+00
  -1.4952000e+00
  -1.4789000e+00
  -1.3996000e+00
  -1.2618000e+00
  -1.0755000e+00
  -8.5470000e-01
  -6.0958000e-01
  -3.5112000e-01
  -9.8691000e-02
   1.3731000e-01
   3.4617000e-01
   5.2360000e-01
   6.5986000e-01
   7.5659000e-01
   8.1660000e-01
   8.4312000e-01
   7.4811000e-01
   7.2638000e-01
   6.8609000e-01
   6.3169000e-01
   5.9649000e-01
   5.1658000e-01
   4.3487000e-01
   3.5403000e-01
   2.7633000e-01
   2.0389000e-01
   1.3875000e-01
   8.3070000e-02
   3.9268000e-02
   1.0226000e-02
  -4.4983000e-04
   2.4351000e-05
  -5.8146000e-04
  -3.1513000e-03
  -9.4260000e-03
  -2.2162000e-02
  -4.5153000e-02
  -8.2958000e-02
  -1.4039000e-01
  -2.2187000e-01
  -3.3070000e-01
  -6.2181000e-01
  -8.0164000e-01
  -1.0023000e+00
  -1.2167000e+00
  -1.4350000e+00
  -1.6456000e+00
  -1.7452000e+00
  -1.8935000e+00
  -1.9953000e+00
  -2.0421000e+00
  -2.0294000e+00
  -1.9565000e+00
  -1.8274000e+00
  -1.6494000e+00
  -1.4332000e+00
  -1.1911000e+00
  -9.3649000e-01
  -6.8195000e-01
  -4.3884000e-01
  -2.1635000e-01
  -2.1171000e-02
   1.4258000e-01
   2.7317000e-01
   3.7091000e-01
   3.4922000e-01
   3.9187000e-01
   4.1113000e-01
   4.1072000e-01
   3.9436000e-01
   3.6564000e-01
   3.2787000e-01
   3.0571000e-01
   2.5131000e-01
   1.9731000e-01
   1.4591000e-01
   9.9173000e-02
   5.9103000e-02
   2.7723000e-02
   7.1416000e-03
  -3.1354000e-04
   5.0018000e-04
  -1.1371000e-02
  -4.3716000e-02
  -9.2683000e-02
  -1.5621000e-01
  -2.3419000e-01
  -3.2808000e-01
  -4.4026000e-01
  -6.9966000e-01
  -8.7180000e-01
  -1.0648000e+00
  -1.2762000e+00
  -1.5013000e+00
  -1.7331000e+00
  -1.9627000e+00
  -2.1797000e+00
  -2.3732000e+00
  -2.4319000e+00
  -2.5343000e+00
  -2.5835000e+00
  -2.5754000e+00
  -2.5096000e+00
  -2.3894000e+00
  -2.2212000e+00
  -2.0142000e+00
  -1.7791000e+00
  -1.5275000e+00
  -1.2708000e+00
  -1.0195000e+00
  -7.8222000e-01
  -5.6577000e-01
  -3.7478000e-01
  -2.1189000e-01
  -1.5948000e-01
  -5.0826000e-02
   3.2172000e-02
   9.1881000e-02
   1.3109000e-01
   1.5280000e-01
   1.6002000e-01
   1.5571000e-01
   1.4267000e-01
   1.4487000e-01
   1.1537000e-01
   8.5768000e-02
   5.8101000e-02
   3.4214000e-02
   1.5717000e-02
   3.9270000e-03
  -1.7143000e-04
   9.7565000e-04
  -2.2132000e-02
  -8.3738000e-02
  -1.7405000e-01
  -2.8623000e-01
  -4.1657000e-01
  -5.6389000e-01
  -7.2849000e-01
  -1.0460000e+00
  -1.2627000e+00
  -1.4951000e+00
  -1.7401000e+00
  -1.9926000e+00
  -2.2458000e+00
  -2.4911000e+00
  -2.7193000e+00
  -2.9203000e+00
  -3.0848000e+00
  -3.0868000e+00
  -3.1403000e+00
  -3.1377000e+00
  -3.0789000e+00
  -2.9665000e+00
  -2.8062000e+00
  -2.6058000e+00
  -2.3748000e+00
  -2.1235000e+00
  -1.8622000e+00
  -1.6004000e+00
  -1.3467000e+00
  -1.1078000e+00
  -8.8893000e-01
  -7.6673000e-01
  -5.9369000e-01
  -4.4582000e-01
  -3.2255000e-01
  -2.2254000e-01
  -1.4389000e-01
  -8.4322000e-02
  -4.1369000e-02
  -1.2457000e-02
   4.9980000e-03
   1.3536000e-02
   3.5023000e-02
   2.6923000e-02
   1.7973000e-02
   9.9012000e-03
   3.9691000e-03
   7.6816000e-04
  -3.1674000e-05
   1.5762000e-03
  -3.5670000e-02
  -1.3296000e-01
  -2.7238000e-01
  -4.4150000e-01
  -6.3304000e-01
  -8.4339000e-01
  -1.1311000e+00
  -1.3790000e+00
  -1.6418000e+00
  -1.9166000e+00
  -2.1995000e+00
  -2.4848000e+00
  -2.7655000e+00
  -3.0332000e+00
  -3.2791000e+00
  -3.4940000e+00
  -3.6693000e+00
  -3.7978000e+00
  -3.8856000e+00
  -3.8912000e+00
  -3.8399000e+00
  -3.7342000e+00
  -3.5789000e+00
  -3.3807000e+00
  -3.1479000e+00
  -2.8896000e+00
  -2.6153000e+00
  -2.3338000e+00
  -2.0536000e+00
  -1.7817000e+00
  -1.4628000e+00
  -1.2288000e+00
  -1.0168000e+00
  -8.2846000e-01
  -6.6413000e-01
  -5.2344000e-01
  -4.0533000e-01
  -3.0820000e-01
  -2.3008000e-01
  -1.6877000e-01
  -1.2188000e-01
  -8.6953000e-02
  -5.6166000e-02
  -3.9344000e-02
  -2.6933000e-02
  -1.7213000e-02
  -9.1446000e-03
  -2.7833000e-03
   1.2571000e-04
   2.0583000e-03
  -4.6455000e-02
  -1.7061000e-01
  -3.4555000e-01
  -5.5542000e-01
  -7.9141000e-01
  -1.0491000e+00
  -1.3987000e+00
  -1.6971000e+00
  -2.0096000e+00
  -2.3323000e+00
  -2.6600000e+00
  -2.9862000e+00
  -3.3030000e+00
  -3.6021000e+00
  -3.8743000e+00
  -4.1110000e+00
  -4.3041000e+00
  -4.4465000e+00
  -4.5474000e+00
  -4.5602000e+00
  -4.5133000e+00
  -4.4091000e+00
  -4.2520000e+00
  -4.0483000e+00
  -3.8057000e+00
  -3.5329000e+00
  -3.2391000e+00
  -2.9333000e+00
  -2.6238000e+00
  -2.3182000e+00
  -1.9520000e+00
  -1.6772000e+00
  -1.4228000e+00
  -1.1913000e+00
  -9.8410000e-01
  -8.0176000e-01
  -6.4391000e-01
  -5.0956000e-01
  -3.9718000e-01
  -3.0485000e-01
  -2.3034000e-01
  -1.7120000e-01
  -1.1471000e-01
  -8.0963000e-02
  -5.4571000e-02
  -3.3641000e-02
  -1.7039000e-02
  -4.9413000e-03
   2.2159000e-04
   2.5131000e-03
  -5.6506000e-02
  -2.0358000e-01
  -4.0762000e-01
  -6.5158000e-01
  -9.2702000e-01
  -1.2297000e+00
  -1.6427000e+00
  -1.9957000e+00
  -2.3647000e+00
  -2.7440000e+00
  -3.1268000e+00
  -3.5049000e+00
  -3.8697000e+00
  -4.2116000e+00
  -4.5213000e+00
  -4.7897000e+00
  -5.0086000e+00
  -5.1711000e+00
  -5.2895000e+00
  -5.3100000e+00
  -5.2655000e+00
  -5.1582000e+00
  -4.9925000e+00
  -4.7747000e+00
  -4.5126000e+00
  -4.2148000e+00
  -3.8907000e+00
  -3.5497000e+00
  -3.2008000e+00
  -2.8523000e+00
  -2.4288000e+00
  -2.1066000e+00
  -1.8045000e+00
  -1.5258000e+00
  -1.2731000e+00
  -1.0475000e+00
  -8.4943000e-01
  -6.7829000e-01
  -5.3292000e-01
  -4.1156000e-01
  -3.1204000e-01
  -2.3181000e-01
  -1.5409000e-01
  -1.0731000e-01
  -7.0950000e-02
  -4.2755000e-02
  -2.1198000e-02
  -6.0716000e-03
   2.7191000e-04
   2.8469000e-03
  -6.3694000e-02
  -2.2423000e-01
  -4.4559000e-01
  -7.1382000e-01
  -1.0231000e+00
  -1.3699000e+00
  -1.8514000e+00
  -2.2670000e+00
  -2.7032000e+00
  -3.1519000e+00
  -3.6039000e+00
  -4.0492000e+00
  -4.4772000e+00
  -4.8769000e+00
  -5.2379000e+00
  -5.5501000e+00
  -5.8049000e+00
  -5.9950000e+00
  -6.1359000e+00
  -6.1644000e+00
  -6.1193000e+00
  -6.0030000e+00
  -5.8202000e+00
  -5.5775000e+00
  -5.2832000e+00
  -4.9468000e+00
  -4.5784000e+00
  -4.1883000e+00
  -3.7867000e+00
  -3.3830000e+00
  -2.8890000e+00
  -2.5105000e+00
  -2.1535000e+00
  -1.8223000e+00
  -1.5203000e+00
  -1.2493000e+00
  -1.0103000e+00
  -8.0299000e-01
  -6.2639000e-01
  -4.7873000e-01
  -3.5771000e-01
  -2.6057000e-01
  -1.6754000e-01
  -1.1284000e-01
  -7.1789000e-02
  -4.1527000e-02
  -1.9842000e-02
  -5.5796000e-03
   2.4924000e-04
   2.7696000e-03
  -6.1791000e-02
  -2.1482000e-01
  -4.3369000e-01
  -7.1347000e-01
  -1.0521000e+00
  -1.4459000e+00
  -2.0071000e+00
  -2.4987000e+00
  -3.0182000e+00
  -3.5544000e+00
  -4.0950000e+00
  -4.6272000e+00
  -5.1381000e+00
  -5.6146000e+00
  -6.0443000e+00
  -6.4157000e+00
  -6.7187000e+00
  -6.9453000e+00
  -7.1148000e+00
  -7.1515000e+00
  -7.1019000e+00
  -6.9689000e+00
  -6.7578000e+00
  -6.4763000e+00
  -6.1338000e+00
  -5.7414000e+00
  -5.3107000e+00
  -4.8537000e+00
  -4.3823000e+00
  -3.9078000e+00
  -3.3261000e+00
  -2.8800000e+00
  -2.4590000e+00
  -2.0684000e+00
  -1.7125000e+00
  -1.3936000e+00
  -1.1130000e+00
  -8.7059000e-01
  -6.6521000e-01
  -4.9491000e-01
  -3.5702000e-01
  -2.4835000e-01
  -1.4749000e-01
  -9.1344000e-02
  -5.2245000e-02
  -2.6470000e-02
  -1.0742000e-02
  -2.5400000e-03
   1.0976000e-04
   1.3825000e-03
  -3.2293000e-02
  -1.3629000e-01
  -3.2379000e-01
  -6.0321000e-01
  -9.7283000e-01
  -1.4241000e+00
  -2.0863000e+00
  -2.6746000e+00
  -3.3004000e+00
  -3.9484000e+00
  -4.6028000e+00
  -5.2476000e+00
  -5.8665000e+00
  -6.4437000e+00
  -6.9640000e+00
  -7.4137000e+00
  -7.7805000e+00
  -8.0548000e+00
  -8.2601000e+00
  -8.3048000e+00
  -8.2455000e+00
  -8.0857000e+00
  -7.8320000e+00
  -7.4938000e+00
  -7.0827000e+00
  -6.6120000e+00
  -6.0961000e+00
  -5.5495000e+00
  -4.9868000e+00
  -4.4216000e+00
  -3.7309000e+00
  -3.2031000e+00
  -2.7068000e+00
  -2.2488000e+00
  -1.8336000e+00
  -1.4641000e+00
  -1.1416000e+00
  -8.6584000e-01
  -6.3520000e-01
  -4.4716000e-01
  -2.9840000e-01
  -1.8499000e-01
  -8.5611000e-02
  -3.5921000e-02
  -6.9928000e-03
   5.9885000e-03
   8.0533000e-03
   4.1347000e-03
  -1.5084000e-04
  -3.9576000e-03
   6.7731000e-02
   9.4807000e-02
  -3.0513000e-02
  -3.1100000e-01
  -7.2876000e-01
  -1.2620000e+00
  -2.0602000e+00
  -2.7749000e+00
  -3.5380000e+00
  -4.3296000e+00
  -5.1301000e+00
  -5.9196000e+00
  -6.6783000e+00
  -7.3864000e+00
  -8.0252000e+00
  -8.5772000e+00
  -9.0274000e+00
  -9.3634000e+00
  -9.6135000e+00
  -9.6660000e+00
  -9.5900000e+00
  -9.3902000e+00
  -9.0752000e+00
  -8.6571000e+00
  -8.1508000e+00
  -7.5733000e+00
  -6.9428000e+00
  -6.2778000e+00
  -5.5965000e+00
  -4.9158000e+00
  -4.0898000e+00
  -3.4632000e+00
  -2.8785000e+00
  -2.3435000e+00
  -1.8632000e+00
  -1.4408000e+00
  -1.0769000e+00
  -7.7077000e-01
  -5.1993000e-01
  -3.2082000e-01
  -1.6898000e-01
  -5.9379000e-02
   2.7244000e-02
   6.1107000e-02
   7.0044000e-02
   5.9483000e-02
   3.5849000e-02
   9.2865000e-03
  -5.9658000e-04
