   5.5045000e-07
   1.8976000e-05
   3.0832000e-05
   3.8760000e-05
   4.4975000e-05
   5.0618000e-05
   5.6031000e-05
   6.2032000e-05
   6.5504000e-05
   6.7000000e-05
   6.5937000e-05
   6.2050000e-05
   5.5506000e-05
   4.6896000e-05
   3.7102000e-05
   2.7084000e-05
   1.7644000e-05
   9.2597000e-06
   2.0420000e-06
  -5.6776000e-06
  -1.1276000e-05
  -1.6932000e-05
  -2.3151000e-05
  -3.0336000e-05
  -3.8658000e-05
  -4.7924000e-05
  -5.7564000e-05
  -6.6555000e-05
  -7.3940000e-05
  -7.8627000e-05
  -8.0006000e-05
  -7.6654000e-05
  -7.0429000e-05
  -6.1655000e-05
  -5.1157000e-05
  -3.9795000e-05
  -2.8360000e-05
  -1.7500000e-05
  -7.6960000e-06
   7.3086000e-07
   7.5995000e-06
   1.2834000e-05
   1.6431000e-05
   1.8734000e-05
   1.8821000e-05
   1.7466000e-05
   1.4756000e-05
   1.0806000e-05
   5.7815000e-06
   1.1921000e-07
  -3.1800000e-04
  -9.7649000e-02
  -1.7495000e-01
  -2.2817000e-01
  -2.5555000e-01
  -2.5692000e-01
  -2.3342000e-01
  -1.7210000e-01
  -1.0301000e-01
  -2.1034000e-02
   6.7420000e-02
   1.5476000e-01
   2.3259000e-01
   2.9234000e-01
   3.2615000e-01
   3.2796000e-01
   2.9451000e-01
   2.2614000e-01
   1.2719000e-01
  -2.6688000e-02
  -1.6118000e-01
  -2.9168000e-01
  -4.0611000e-01
  -4.9444000e-01
  -5.4984000e-01
  -5.6931000e-01
  -5.5356000e-01
  -5.0654000e-01
  -4.3445000e-01
  -3.4469000e-01
  -2.4488000e-01
  -1.1670000e-01
  -1.8280000e-02
   7.1969000e-02
   1.5133000e-01
   2.1831000e-01
   2.7241000e-01
   3.1383000e-01
   3.4325000e-01
   3.6155000e-01
   3.6966000e-01
   3.6837000e-01
   3.5831000e-01
   3.3409000e-01
   3.0492000e-01
   2.6672000e-01
   2.1861000e-01
   1.5934000e-01
   8.7241000e-02
   3.4248000e-04
  -6.7733000e-04
  -1.9888000e-01
  -3.5567000e-01
  -4.6359000e-01
  -5.1951000e-01
  -5.2334000e-01
  -4.7739000e-01
  -3.5595000e-01
  -2.1849000e-01
  -5.4890000e-02
   1.2213000e-01
   2.9744000e-01
   4.5423000e-01
   5.7522000e-01
   6.4459000e-01
   6.5003000e-01
   5.8489000e-01
   4.4982000e-01
   2.5346000e-01
  -5.2487000e-02
  -3.2009000e-01
  -5.7973000e-01
  -8.0718000e-01
  -9.8235000e-01
  -1.0916000e+00
  -1.1288000e+00
  -1.0956000e+00
  -1.0007000e+00
  -8.5472000e-01
  -6.7423000e-01
  -4.7438000e-01
  -2.1872000e-01
  -2.3124000e-02
   1.5566000e-01
   3.1235000e-01
   4.4412000e-01
   5.5012000e-01
   6.3090000e-01
   6.8787000e-01
   7.2287000e-01
   7.3777000e-01
   7.3421000e-01
   7.1341000e-01
   6.6455000e-01
   6.0619000e-01
   5.3006000e-01
   4.3437000e-01
   3.1658000e-01
   1.7336000e-01
   6.8299000e-04
  -1.1165000e-03
  -3.0684000e-01
  -5.4718000e-01
  -7.1255000e-01
  -7.9925000e-01
  -8.0766000e-01
  -7.4141000e-01
  -5.6241000e-01
  -3.5825000e-01
  -1.1409000e-01
   1.5126000e-01
   4.1522000e-01
   6.5249000e-01
   8.3696000e-01
   9.4457000e-01
   9.5663000e-01
   8.6306000e-01
   6.6486000e-01
   3.7504000e-01
  -7.7600000e-02
  -4.7386000e-01
  -8.5834000e-01
  -1.1949000e+00
  -1.4534000e+00
  -1.6133000e+00
  -1.6654000e+00
  -1.6119000e+00
  -1.4661000e+00
  -1.2455000e+00
  -9.7323000e-01
  -6.7321000e-01
  -2.9174000e-01
  -1.6097000e-03
   2.6217000e-01
   4.9205000e-01
   6.8422000e-01
   8.3777000e-01
   9.5379000e-01
   1.0346000e+00
   1.0832000e+00
   1.1024000e+00
   1.0946000e+00
   1.0618000e+00
   9.8752000e-01
   9.0001000e-01
   7.8651000e-01
   6.4433000e-01
   4.6957000e-01
   2.5719000e-01
   1.0191000e-03
  -1.6680000e-03
  -4.2375000e-01
  -7.5294000e-01
  -9.7937000e-01
  -1.0999000e+00
  -1.1160000e+00
  -1.0328000e+00
  -8.0045000e-01
  -5.3261000e-01
  -2.1025000e-01
   1.4198000e-01
   4.9413000e-01
   8.1230000e-01
   1.0614000e+00
   1.2089000e+00
   1.2301000e+00
   1.1119000e+00
   8.5640000e-01
   4.8131000e-01
  -1.0485000e-01
  -6.1813000e-01
  -1.1166000e+00
  -1.5533000e+00
  -1.8887000e+00
  -2.0949000e+00
  -2.1589000e+00
  -2.0832000e+00
  -1.8844000e+00
  -1.5881000e+00
  -1.2247000e+00
  -8.2600000e-01
  -3.2233000e-01
   5.7951000e-02
   4.0117000e-01
   6.9795000e-01
   9.4395000e-01
   1.1386000e+00
   1.2839000e+00
   1.3833000e+00
   1.4409000e+00
   1.4608000e+00
   1.4462000e+00
   1.3995000e+00
   1.2988000e+00
   1.1823000e+00
   1.0323000e+00
   8.4535000e-01
   6.1601000e-01
   3.3749000e-01
   1.3474000e-03
  -2.3548000e-03
  -5.5051000e-01
  -9.7417000e-01
  -1.2655000e+00
  -1.4235000e+00
  -1.4512000e+00
  -1.3554000e+00
  -1.0758000e+00
  -7.4906000e-01
  -3.5286000e-01
   8.2469000e-02
   5.1949000e-01
   9.1541000e-01
   1.2258000e+00
   1.4102000e+00
   1.4387000e+00
   1.2977000e+00
   9.9275000e-01
   5.4809000e-01
  -1.4233000e-01
  -7.4546000e-01
  -1.3328000e+00
  -1.8510000e+00
  -2.2525000e+00
  -2.5011000e+00
  -2.5777000e+00
  -2.4821000e+00
  -2.2331000e+00
  -1.8631000e+00
  -1.4114000e+00
  -9.1793000e-01
  -2.9870000e-01
   1.6505000e-01
   5.7994000e-01
   9.3516000e-01
   1.2263000e+00
   1.4537000e+00
   1.6205000e+00
   1.7318000e+00
   1.7929000e+00
   1.8090000e+00
   1.7844000e+00
   1.7219000e+00
   1.5937000e+00
   1.4485000e+00
   1.2635000e+00
   1.0341000e+00
   7.5343000e-01
   4.1290000e-01
   1.6635000e-03
  -3.1859000e-03
  -6.8627000e-01
  -1.2091000e+00
  -1.5688000e+00
  -1.7675000e+00
  -1.8112000e+00
  -1.7082000e+00
  -1.3891000e+00
  -1.0102000e+00
  -5.4698000e-01
  -3.7043000e-02
   4.7946000e-01
   9.4560000e-01
   1.3062000e+00
   1.5095000e+00
   1.5258000e+00
   1.3528000e+00
   1.0088000e+00
   5.2496000e-01
  -2.0837000e-01
  -8.4192000e-01
  -1.4647000e+00
  -2.0277000e+00
  -2.4790000e+00
  -2.7968000e+00
  -2.9085000e+00
  -2.8121000e+00
  -2.4893000e+00
  -2.0568000e+00
  -1.5226000e+00
  -9.3974000e-01
  -2.1266000e-01
   3.2553000e-01
   8.0211000e-01
   1.2053000e+00
   1.5311000e+00
   1.7813000e+00
   1.9607000e+00
   2.0761000e+00
   2.1344000e+00
   2.1419000e+00
   2.1037000e+00
   2.0233000e+00
   1.8668000e+00
   1.6938000e+00
   1.4757000e+00
   1.2069000e+00
   8.7919000e-01
   4.8198000e-01
   1.9613000e-03
  -4.4149000e-03
  -8.6395000e-01
  -1.5138000e+00
  -1.9610000e+00
  -2.2143000e+00
  -2.2837000e+00
  -2.1799000e+00
  -1.7341000e+00
  -1.3102000e+00
  -7.8450000e-01
  -2.0911000e-01
   3.0943000e-01
   8.8447000e-01
   1.2731000e+00
   1.4431000e+00
   1.3488000e+00
   1.1628000e+00
   7.8772000e-01
   8.4131000e-02
  -3.9946000e-01
  -8.7512000e-01
  -1.3719000e+00
  -1.9781000e+00
  -2.3794000e+00
  -2.7717000e+00
  -2.9554000e+00
  -2.8985000e+00
  -2.6244000e+00
  -2.1524000e+00
  -1.5547000e+00
  -7.2150000e-01
  -6.6139000e-02
   5.3867000e-01
   1.0659000e+00
   1.5052000e+00
   1.8540000e+00
   2.1160000e+00
   2.2984000e+00
   2.4097000e+00
   2.4586000e+00
   2.4527000e+00
   2.3977000e+00
   2.2975000e+00
   2.1676000e+00
   1.9618000e+00
   1.7062000e+00
   1.3940000e+00
   1.0152000e+00
   5.5672000e-01
   2.2953000e-03
  -5.5018000e-03
  -1.0056000e+00
  -1.7547000e+00
  -2.2703000e+00
  -2.5678000e+00
  -2.6606000e+00
  -2.5612000e+00
  -2.2835000e+00
  -1.6279000e+00
  -1.1982000e+00
  -5.5213000e-01
   8.9481000e-02
   6.5322000e-01
   9.5681000e-01
   1.0166000e+00
   6.4728000e-01
   3.9830000e-01
  -1.4806000e-01
  -5.3918000e-01
  -7.1645000e-01
  -7.4585000e-01
  -9.0526000e-01
  -1.1999000e+00
  -1.9114000e+00
  -2.2001000e+00
  -2.6952000e+00
  -2.7882000e+00
  -2.5776000e+00
  -1.9919000e+00
  -1.3278000e+00
  -5.9348000e-01
   1.3513000e-01
   7.9675000e-01
   1.3642000e+00
   1.8270000e+00
   2.1859000e+00
   2.4487000e+00
   2.6243000e+00
   2.7236000e+00
   2.7569000e+00
   2.7330000e+00
   2.6901000e+00
   2.5524000e+00
   2.3697000e+00
   2.1400000e+00
   1.8584000e+00
   1.5169000e+00
   1.1043000e+00
   6.0574000e-01
   2.5225000e-03
  -6.6185000e-03
  -1.1387000e+00
  -1.9791000e+00
  -2.5575000e+00
  -2.8966000e+00
  -3.0131000e+00
  -2.9200000e+00
  -2.6306000e+00
  -2.1571000e+00
  -1.4635000e+00
  -7.6805000e-01
  -9.7664000e-02
   3.7647000e-01
   5.2012000e-01
   1.8467000e-01
  -5.8047000e-01
  -1.5836000e+00
  -2.2045000e+00
  -2.1047000e+00
  -1.4860000e+00
  -4.8721000e-01
   5.1940000e-01
   1.0666000e-01
   2.0088000e-01
  -1.1433000e+00
  -2.1233000e+00
  -2.3669000e+00
  -2.4100000e+00
  -1.9043000e+00
  -1.2135000e+00
  -4.2466000e-01
   3.6665000e-01
   1.0822000e+00
   1.6830000e+00
   2.1593000e+00
   2.5155000e+00
   2.7663000e+00
   2.9258000e+00
   3.0061000e+00
   3.0186000e+00
   3.0050000e+00
   2.8916000e+00
   2.7331000e+00
   2.5298000e+00
   2.2793000e+00
   1.9761000e+00
   1.6113000e+00
   1.1725000e+00
   6.4327000e-01
   2.7030000e-03
  -7.6796000e-03
  -1.2537000e+00
  -2.1711000e+00
  -2.8023000e+00
  -3.1768000e+00
  -3.3134000e+00
  -3.2248000e+00
  -2.9225000e+00
  -2.2077000e+00
  -1.6795000e+00
  -8.6007000e-01
  -1.6481000e-01
   2.7302000e-01
   8.9038000e-02
  -8.4447000e-01
  -2.4222000e+00
  -4.6400000e+00
  -5.6930000e+00
  -1.9219000e+00
  -1.4600000e+00
  -9.9959000e-01
  -4.0025000e-01
   2.8920000e-02
   3.2785000e+00
   1.1090000e+00
  -8.8837000e-01
  -1.9269000e+00
  -2.2274000e+00
  -1.8445000e+00
  -1.1336000e+00
  -2.6894000e-01
   5.9574000e-01
   1.3640000e+00
   1.9940000e+00
   2.4801000e+00
   2.8247000e+00
   3.0544000e+00
   3.1894000e+00
   3.2436000e+00
   3.2621000e+00
   3.1748000e+00
   3.0405000e+00
   2.8626000e+00
   2.6416000e+00
   2.3745000e+00
   2.0552000e+00
   1.6739000e+00
   1.2173000e+00
   6.6788000e-01
   2.8268000e-03
  -8.5817000e-03
  -1.3403000e+00
  -2.3135000e+00
  -2.9825000e+00
  -3.3821000e+00
  -3.5316000e+00
  -3.4383000e+00
  -3.1030000e+00
  -2.3746000e+00
  -1.6447000e+00
  -6.4775000e-01
   1.6787000e-01
   5.7500000e-01
  -9.9420000e-02
  -2.0669000e+00
  -3.1089000e+00
  -2.7222000e+00
  -2.3103000e+00
  -1.8550000e+00
  -1.4535000e+00
  -1.0591000e+00
  -5.4803000e-01
  -8.1347000e-02
   3.7069000e-01
   7.4325000e-01
   1.0934000e+00
  -1.5378000e+00
  -2.3125000e+00
  -2.2916000e+00
  -1.2115000e+00
  -2.1387000e-01
   7.5805000e-01
   1.5934000e+00
   2.2553000e+00
   2.7468000e+00
   3.0841000e+00
   3.2910000e+00
   3.3971000e+00
   3.4228000e+00
   3.3909000e+00
   3.2817000e+00
   3.1284000e+00
   2.9344000e+00
   2.6998000e+00
   2.4211000e+00
   2.0918000e+00
   1.7016000e+00
   1.2366000e+00
   6.7835000e-01
   2.8844000e-03
  -9.2135000e-03
  -1.3883000e+00
  -2.3899000e+00
  -3.0773000e+00
  -3.4883000e+00
  -3.6397000e+00
  -3.5274000e+00
  -3.1177000e+00
  -2.4189000e+00
  -1.4249000e+00
  -1.6578000e-02
   1.0834000e+00
   1.8176000e+00
   1.0336000e+00
  -3.3275000e+00
  -3.0030000e+00
  -2.6576000e+00
  -2.2658000e+00
  -1.8438000e+00
  -1.4204000e+00
  -9.2206000e-01
  -5.9873000e-01
  -1.7918000e-01
   2.8529000e-01
   6.6728000e-01
   1.0288000e+00
   1.3141000e+00
  -3.2799000e+00
  -3.2420000e+00
  -1.6341000e+00
  -3.7423000e-01
   7.8180000e-01
   1.7220000e+00
   2.4314000e+00
   2.9328000e+00
   3.2597000e+00
   3.4476000e+00
   3.5282000e+00
   3.5268000e+00
   3.4449000e+00
   3.3168000e+00
   3.1485000e+00
   2.9430000e+00
   2.6999000e+00
   2.4157000e+00
   2.0833000e+00
   1.6925000e+00
   1.2289000e+00
   6.7380000e-01
   2.8680000e-03
  -9.4695000e-03
  -1.3892000e+00
  -2.3865000e+00
  -3.0697000e+00
  -3.4763000e+00
  -3.6175000e+00
  -3.4797000e+00
  -3.0008000e+00
  -2.1043000e+00
  -6.6990000e-01
   1.0251000e+00
   3.1347000e+00
   4.1518000e+00
  -3.4385000e+00
  -3.2366000e+00
  -2.9393000e+00
  -2.5225000e+00
  -2.1847000e+00
  -1.8481000e+00
  -1.4709000e+00
  -9.7214000e-01
  -6.0965000e-01
  -2.0404000e-01
   1.9605000e-01
   5.7455000e-01
   9.1394000e-01
   1.2733000e+00
   1.4961000e+00
  -5.5774000e+00
  -3.4086000e+00
  -1.3243000e+00
   2.8538000e-01
   1.7389000e+00
   2.5054000e+00
   3.0188000e+00
   3.3353000e+00
   3.5031000e+00
   3.5624000e+00
   3.5133000e+00
   3.4155000e+00
   3.2738000e+00
   3.0959000e+00
   2.8847000e+00
   2.6394000e+00
   2.3564000e+00
   2.0285000e+00
   1.6455000e+00
   1.1934000e+00
   6.5381000e-01
   2.7721000e-03
  -9.2660000e-03
  -1.3373000e+00
  -2.2947000e+00
  -2.9498000e+00
  -3.3364000e+00
  -3.4575000e+00
  -3.2923000e+00
  -2.6930000e+00
  -1.3226000e+00
   4.7593000e-01
   2.3461000e+00
   6.0487000e+00
  -3.4166000e+00
  -3.2583000e+00
  -3.0336000e+00
  -2.8095000e+00
  -2.4439000e+00
  -2.1375000e+00
  -1.7755000e+00
  -1.3770000e+00
  -9.9764000e-01
  -5.6824000e-01
  -2.4866000e-01
   9.7105000e-02
   5.4425000e-01
   8.0879000e-01
   1.0827000e+00
   1.4180000e+00
  -8.9240000e+00
  -4.4763000e+00
  -1.8295000e+00
   1.0933000e-01
   1.4391000e+00
   2.3171000e+00
   3.0012000e+00
   3.2991000e+00
   3.4485000e+00
   3.4919000e+00
   3.4043000e+00
   3.2975000e+00
   3.1490000e+00
   2.9685000e+00
   2.7585000e+00
   2.5180000e+00
   2.2433000e+00
   1.9275000e+00
   1.5610000e+00
   1.1304000e+00
   6.1854000e-01
   2.5945000e-03
  -8.5558000e-03
  -1.2307000e+00
  -2.1124000e+00
  -2.7165000e+00
  -3.0704000e+00
  -3.1680000e+00
  -2.9753000e+00
  -2.1441000e+00
  -8.2107000e-01
   1.1018000e+00
   4.2101000e+00
  -3.3856000e+00
  -3.2359000e+00
  -3.0921000e+00
  -2.8483000e+00
  -2.6328000e+00
  -2.2800000e+00
  -2.0447000e+00
  -1.6473000e+00
  -1.2898000e+00
  -9.4849000e-01
  -5.4329000e-01
  -2.0695000e-01
   1.3059000e-01
   4.5747000e-01
   7.5898000e-01
   1.0376000e+00
   1.3450000e+00
   1.5443000e+00
  -6.6278000e+00
  -3.1879000e+00
  -7.8036000e-01
   1.4441000e+00
   2.2775000e+00
   2.7554000e+00
   3.1407000e+00
   3.2793000e+00
   3.3161000e+00
   3.1542000e+00
   3.0583000e+00
   2.9433000e+00
   2.7679000e+00
   2.5664000e+00
   2.3379000e+00
   2.0787000e+00
   1.7827000e+00
   1.4409000e+00
   1.0414000e+00
   5.6873000e-01
   2.3372000e-03
  -7.3388000e-03
  -1.0720000e+00
  -1.8448000e+00
  -2.3783000e+00
  -2.6918000e+00
  -2.7715000e+00
  -2.5674000e+00
  -1.6619000e+00
  -6.4204000e-01
   2.3218000e+00
   6.0607000e+00
  -3.0932000e+00
  -2.9532000e+00
  -2.8169000e+00
  -2.6425000e+00
  -2.4372000e+00
  -2.1074000e+00
  -1.8391000e+00
  -1.5175000e+00
  -1.2350000e+00
  -8.5116000e-01
  -5.5789000e-01
  -2.4998000e-01
   9.2260000e-02
   3.9323000e-01
   7.3820000e-01
   9.7895000e-01
   1.2555000e+00
   1.4371000e+00
  -8.3429000e+00
  -4.2014000e+00
  -4.7035000e-01
   9.7412000e-01
   1.8902000e+00
   2.5523000e+00
   2.8619000e+00
   3.0017000e+00
   2.8721000e+00
   2.8374000e+00
   2.7452000e+00
   2.6177000e+00
   2.4992000e+00
   2.3137000e+00
   2.1042000e+00
   1.8674000e+00
   1.5981000e+00
   1.2886000e+00
   9.2892000e-01
   5.0579000e-01
   2.0064000e-03
  -5.6659000e-03
  -8.6826000e-01
  -1.5044000e+00
  -1.9525000e+00
  -2.2235000e+00
  -2.3002000e+00
  -2.1279000e+00
  -1.5854000e+00
  -3.9020000e-01
   1.5938000e+00
  -2.8363000e+00
  -2.8225000e+00
  -2.6834000e+00
  -2.5806000e+00
  -2.3909000e+00
  -2.1725000e+00
  -1.9637000e+00
  -1.6938000e+00
  -1.3810000e+00
  -1.1657000e+00
  -8.2325000e-01
  -5.3370000e-01
  -2.4524000e-01
   1.2958000e-01
   3.8225000e-01
   6.3525000e-01
   9.1729000e-01
   1.1525000e+00
   1.3745000e+00
   1.5677000e+00
  -3.5392000e+00
  -8.1513000e-01
   6.1184000e-01
   1.8073000e+00
   2.1835000e+00
   2.4449000e+00
   2.6266000e+00
   2.4772000e+00
   2.4416000e+00
   2.3601000e+00
   2.2506000e+00
   2.1191000e+00
   2.0090000e+00
   1.8246000e+00
   1.6163000e+00
   1.3798000e+00
   1.1091000e+00
   7.9650000e-01
   4.3176000e-01
   1.6127000e-03
  -3.6353000e-03
  -6.3048000e-01
  -1.1097000e+00
  -1.4628000e+00
  -1.6939000e+00
  -1.7875000e+00
  -1.7007000e+00
  -1.1798000e+00
  -4.5938000e-01
   1.5830000e+00
  -2.5186000e+00
  -2.4626000e+00
  -2.4264000e+00
  -2.2524000e+00
  -2.1532000e+00
  -2.0209000e+00
  -1.7368000e+00
  -1.5129000e+00
  -1.3337000e+00
  -9.7473000e-01
  -7.4838000e-01
  -4.9011000e-01
  -1.5939000e-01
   1.3456000e-01
   3.7678000e-01
   6.6276000e-01
   8.5606000e-01
   1.0921000e+00
   1.2990000e+00
   1.4614000e+00
  -2.2423000e+00
  -1.9245000e-01
   8.7960000e-01
   1.4516000e+00
   1.7923000e+00
   1.9920000e+00
   2.0996000e+00
   2.0145000e+00
   1.9840000e+00
   1.9207000e+00
   1.8348000e+00
   1.7297000e+00
   1.6066000e+00
   1.5096000e+00
   1.3345000e+00
   1.1355000e+00
   9.0866000e-01
   6.4880000e-01
   3.4919000e-01
   1.1708000e-03
  -8.0420000e-04
  -3.0666000e-01
  -5.7453000e-01
  -8.0367000e-01
  -9.9102000e-01
  -1.1301000e+00
  -1.2087000e+00
  -1.1857000e+00
  -1.0585000e+00
  -1.9821000e-01
  -2.0942000e+00
  -2.0926000e+00
  -2.0532000e+00
  -1.9708000e+00
  -1.8859000e+00
  -1.7106000e+00
  -1.5942000e+00
  -1.3532000e+00
  -1.1583000e+00
  -9.3364000e-01
  -6.8833000e-01
  -4.1805000e-01
  -1.2862000e-01
   1.0147000e-01
   3.7665000e-01
   5.7924000e-01
   8.4101000e-01
   1.0169000e+00
   1.2049000e+00
   1.3762000e+00
  -1.3215000e-01
   6.1374000e-01
   1.0679000e+00
   1.3100000e+00
   1.4451000e+00
   1.5313000e+00
   1.5250000e+00
   1.5141000e+00
   1.4907000e+00
   1.4487000e+00
   1.3895000e+00
   1.3140000e+00
   1.2223000e+00
   1.0850000e+00
   9.5542000e-01
   8.0752000e-01
   6.3993000e-01
   4.5098000e-01
   2.3865000e-01
   5.7844000e-04
   1.5056000e-03
  -4.4866000e-02
  -1.4287000e-01
  -2.7396000e-01
  -4.3032000e-01
  -6.1507000e-01
  -8.4537000e-01
  -1.2508000e+00
  -1.7490000e+00
  -2.2030000e+00
  -1.7613000e+00
  -1.8051000e+00
  -1.8099000e+00
  -1.6768000e+00
  -1.6411000e+00
  -1.4885000e+00
  -1.3597000e+00
  -1.2347000e+00
  -1.0148000e+00
  -8.0971000e-01
  -5.7942000e-01
  -2.8180000e-01
  -7.9515000e-02
   1.1802000e-01
   3.7376000e-01
   5.7704000e-01
   7.8925000e-01
   9.7372000e-01
   1.1432000e+00
   1.2925000e+00
   2.5357000e+00
   1.6811000e+00
   1.2809000e+00
   1.1462000e+00
   1.0694000e+00
   1.0480000e+00
   1.0199000e+00
   1.0005000e+00
   9.8825000e-01
   9.6824000e-01
   9.3619000e-01
   8.9066000e-01
   8.3095000e-01
   7.3649000e-01
   6.4449000e-01
   5.3864000e-01
   4.1974000e-01
   2.8898000e-01
   1.4819000e-01
   9.6123000e-05
   3.6709000e-03
   2.0166000e-01
   2.6377000e-01
   2.2522000e-01
   9.8770000e-02
  -1.2621000e-01
  -4.9087000e-01
  -1.1019000e+00
  -2.4367000e+00
  -4.1393000e+00
  -1.4201000e+00
  -1.4504000e+00
  -1.5021000e+00
  -1.4403000e+00
  -1.3514000e+00
  -1.2680000e+00
  -1.1378000e+00
  -9.9543000e-01
  -8.4557000e-01
  -6.4529000e-01
  -4.4446000e-01
  -2.7216000e-01
  -2.6155000e-02
   1.9230000e-01
   3.6490000e-01
   5.7498000e-01
   7.4635000e-01
   9.4015000e-01
   1.1177000e+00
   1.2465000e+00
   4.9638000e+00
   2.5788000e+00
   1.4950000e+00
   1.0047000e+00
   7.4967000e-01
   5.9471000e-01
   5.3411000e-01
   5.0746000e-01
   5.0451000e-01
   5.0379000e-01
   4.9642000e-01
   4.7878000e-01
   4.4928000e-01
   3.9578000e-01
   3.4013000e-01
   2.7529000e-01
   2.0404000e-01
   1.3035000e-01
   5.9685000e-02
  -3.7057000e-04
   5.5399000e-03
   4.1821000e-01
   6.2187000e-01
   6.6628000e-01
   5.6996000e-01
   3.1958000e-01
  -2.9811000e-01
  -1.0925000e+00
  -2.4140000e+00
  -4.8594000e+00
  -9.1170000e+00
  -1.2011000e+00
  -1.1954000e+00
  -1.1694000e+00
  -1.1696000e+00
  -1.0598000e+00
  -9.9487000e-01
  -8.2417000e-01
  -6.9825000e-01
  -5.0196000e-01
  -3.3379000e-01
  -1.8509000e-01
   1.9393000e-02
   1.9129000e-01
   3.9499000e-01
   5.7750000e-01
   7.4737000e-01
   8.8310000e-01
   1.0624000e+00
   1.1894000e+00
   6.1722000e+00
   3.4548000e+00
   1.5274000e+00
   8.5374000e-01
   4.3186000e-01
   1.9951000e-01
   9.3113000e-02
   6.4348000e-02
   6.5378000e-02
   7.8351000e-02
   9.0604000e-02
   9.6263000e-02
   9.2931000e-02
   7.6066000e-02
   5.3759000e-02
   2.7074000e-02
   6.0981000e-04
  -1.9219000e-02
  -2.3668000e-02
  -8.0202000e-04
   6.9905000e-03
   5.9246000e-01
   9.1138000e-01
   1.0249000e+00
   9.5796000e-01
   6.9973000e-01
   2.4116000e-02
  -6.8736000e-01
  -2.5667000e+00
  -5.1727000e+00
  -9.5382000e+00
  -9.1839000e-01
  -9.5213000e-01
  -9.6220000e-01
  -9.1637000e-01
  -8.9443000e-01
  -7.9630000e-01
  -7.1026000e-01
  -5.4709000e-01
  -3.9959000e-01
  -2.6423000e-01
  -1.3200000e-01
   4.8890000e-02
   2.3098000e-01
   4.0315000e-01
   5.7256000e-01
   7.4030000e-01
   8.4504000e-01
   9.9093000e-01
   1.1013000e+01
   6.4956000e+00
   3.1137000e+00
   1.6741000e+00
   6.3449000e-01
   5.1970000e-02
  -1.2113000e-01
  -2.6282000e-01
  -3.0510000e-01
  -3.0781000e-01
  -2.8857000e-01
  -2.6381000e-01
  -2.4138000e-01
  -2.2437000e-01
  -2.1099000e-01
  -2.0454000e-01
  -1.9745000e-01
  -1.8364000e-01
  -1.5465000e-01
  -9.9017000e-02
  -1.1810000e-03
   7.9425000e-03
   7.1550000e-01
   1.1174000e+00
   1.2821000e+00
   1.2405000e+00
   9.8985000e-01
   3.2822000e-01
  -5.3904000e-01
  -1.8768000e+00
  -4.2927000e+00
  -8.0152000e+00
  -6.6253000e-01
  -7.3167000e-01
  -7.4886000e-01
  -7.5316000e-01
  -6.9254000e-01
  -6.1830000e-01
  -5.6496000e-01
  -4.5670000e-01
  -3.3643000e-01
  -1.8036000e-01
  -7.2646000e-02
   9.5726000e-02
   2.5608000e-01
   4.1554000e-01
   5.5800000e-01
   7.1204000e-01
   8.2390000e-01
   9.5220000e-01
   9.0135000e+00
   5.3187000e+00
   2.5198000e+00
   1.1911000e+00
   3.6715000e-01
  -1.2008000e-01
  -4.0102000e-01
  -5.2925000e-01
  -5.8711000e-01
  -5.9856000e-01
  -5.8233000e-01
  -5.5347000e-01
  -5.2206000e-01
  -4.9174000e-01
  -4.5600000e-01
  -4.2654000e-01
  -3.9126000e-01
  -3.4299000e-01
  -2.7176000e-01
  -1.6401000e-01
  -1.4940000e-03
   8.3647000e-03
   7.8258000e-01
   1.2316000e+00
   1.4261000e+00
   1.4014000e+00
   1.1630000e+00
   5.3028000e-01
  -2.8184000e-01
  -1.7657000e+00
  -3.5348000e+00
  -5.7871000e+00
  -9.0334000e+00
  -5.5046000e-01
  -5.6366000e-01
  -5.7111000e-01
  -5.3931000e-01
  -5.0319000e-01
  -4.3348000e-01
  -3.7045000e-01
  -2.4543000e-01
  -1.3563000e-01
   4.6471000e-03
   1.4271000e-01
   2.8484000e-01
   4.2614000e-01
   5.8082000e-01
   6.8504000e-01
   8.2754000e-01
   1.0042000e+01
   7.7389000e+00
   4.6946000e+00
   2.4746000e+00
   1.1372000e+00
   2.9984000e-01
  -2.1659000e-01
  -5.2262000e-01
  -6.9956000e-01
  -7.7401000e-01
  -7.9955000e-01
  -7.9402000e-01
  -7.6987000e-01
  -7.3776000e-01
  -7.0174000e-01
  -6.5228000e-01
  -6.0626000e-01
  -5.4919000e-01
  -4.7323000e-01
  -3.6742000e-01
  -2.1691000e-01
  -1.7316000e-03
   8.2764000e-03
   7.9345000e-01
   1.2527000e+00
   1.4539000e+00
   1.4338000e+00
   1.2029000e+00
   6.1130000e-01
  -1.2913000e-01
  -1.1751000e+00
  -2.5956000e+00
  -4.4527000e+00
  -6.7111000e+00
  -7.4866000e+00
  -4.3520000e-01
  -4.5340000e-01
  -4.3191000e-01
  -4.0345000e-01
  -3.4802000e-01
  -2.7297000e-01
  -1.7678000e-01
  -6.2388000e-02
   5.7079000e-02
   1.8094000e-01
   3.1905000e-01
   4.5259000e-01
   5.6868000e-01
   6.6799000e-01
   7.7240000e-01
   7.1014000e+00
   5.1618000e+00
   3.5277000e+00
   2.1322000e+00
   1.0455000e+00
   2.8450000e-01
  -2.2311000e-01
  -5.4540000e-01
  -7.3938000e-01
  -8.6436000e-01
  -9.0903000e-01
  -9.2065000e-01
  -9.0963000e-01
  -8.8480000e-01
  -8.5055000e-01
  -7.9610000e-01
  -7.4023000e-01
  -6.6813000e-01
  -5.7176000e-01
  -4.3973000e-01
  -2.5666000e-01
  -1.8892000e-03
   7.7411000e-03
   7.5213000e-01
   1.1869000e+00
   1.3716000e+00
   1.3413000e+00
   1.1115000e+00
   5.5466000e-01
  -1.1300000e-01
  -1.0179000e+00
  -2.1679000e+00
  -3.4706000e+00
  -4.5585000e+00
  -4.7426000e+00
  -3.5114000e-01
  -3.6590000e-01
  -3.4844000e-01
  -3.2060000e-01
  -2.6877000e-01
  -2.0586000e-01
  -1.2357000e-01
  -8.8810000e-03
   9.1637000e-02
   2.2001000e-01
   3.1599000e-01
   4.2934000e-01
   5.4418000e-01
   7.0066000e-01
   5.1437000e+00
   5.0097000e+00
   4.1179000e+00
   2.9962000e+00
   1.9304000e+00
   1.0445000e+00
   3.6572000e-01
  -1.2732000e-01
  -4.6771000e-01
  -6.8606000e-01
  -8.6322000e-01
  -9.3071000e-01
  -9.6526000e-01
  -9.7420000e-01
  -9.6364000e-01
  -9.3794000e-01
  -8.8669000e-01
  -8.2745000e-01
  -7.4707000e-01
  -6.3767000e-01
  -4.8801000e-01
  -2.8289000e-01
  -1.9667000e-03
   6.8520000e-03
   6.6642000e-01
   1.0459000e+00
   1.1925000e+00
   1.1378000e+00
   8.9927000e-01
   3.6036000e-01
  -2.4958000e-01
  -1.0375000e+00
  -1.7330000e+00
  -2.6541000e+00
  -3.6014000e+00
  -3.6159000e+00
  -2.8761000e+00
  -2.7306000e-01
  -2.9510000e-01
  -2.6536000e-01
  -2.2298000e-01
  -1.4987000e-01
  -8.4492000e-02
   1.2171000e-02
   1.2632000e-01
   2.2568000e-01
   3.2733000e-01
   4.4656000e-01
  -2.2899000e-01
   2.4703000e+00
   4.0338000e+00
   4.1462000e+00
   3.6031000e+00
   2.7869000e+00
   1.9335000e+00
   1.1719000e+00
   5.4622000e-01
   6.0409000e-02
  -2.9821000e-01
  -5.4496000e-01
  -7.7746000e-01
  -8.7205000e-01
  -9.3498000e-01
  -9.6918000e-01
  -9.7842000e-01
  -9.6688000e-01
  -9.2596000e-01
  -8.6926000e-01
  -7.8695000e-01
  -6.7163000e-01
  -5.1274000e-01
  -2.9589000e-01
  -1.9682000e-03
   5.7133000e-03
   5.4612000e-01
   8.4447000e-01
   9.3580000e-01
   8.4597000e-01
   5.9026000e-01
   1.8003000e-01
  -5.2024000e-01
  -1.1049000e+00
  -1.8622000e+00
  -2.6274000e+00
  -3.2320000e+00
  -3.4034000e+00
  -2.9539000e+00
  -1.2478000e+00
   8.6681000e-01
   3.4363000e+00
  -1.9753000e-01
  -1.3460000e-01
  -5.9664000e-02
   4.1456000e-02
   1.3116000e-01
   2.4388000e-01
  -2.6918000e+00
  -9.6061000e-01
   1.6245000e+00
   2.9618000e+00
   3.7683000e+00
   3.9132000e+00
   3.4791000e+00
   2.8096000e+00
   2.0811000e+00
   1.3966000e+00
   8.0383000e-01
   3.1820000e-01
  -5.9093000e-02
  -3.3094000e-01
  -6.1729000e-01
  -7.4434000e-01
  -8.4030000e-01
  -9.0341000e-01
  -9.3621000e-01
  -9.4301000e-01
  -9.1812000e-01
  -8.6902000e-01
  -7.9042000e-01
  -6.7573000e-01
  -5.1543000e-01
  -2.9654000e-01
  -1.9014000e-03
   4.4690000e-03
   4.0052000e-01
   6.0076000e-01
   6.2631000e-01
   4.9349000e-01
   2.1477000e-01
  -2.0118000e-01
  -8.8225000e-01
  -1.4485000e+00
  -2.1279000e+00
  -2.8014000e+00
  -3.3504000e+00
  -3.5833000e+00
  -3.3410000e+00
  -2.9119000e+00
  -1.4218000e+00
  -4.8115000e-01
   9.5033000e-01
   1.3459000e+00
   6.1046000e-01
  -2.3151000e-01
  -8.8255000e-01
  -1.2286000e+00
   5.0290000e-02
   1.5517000e+00
   2.8969000e+00
   3.6420000e+00
   4.0633000e+00
   3.9933000e+00
   3.5771000e+00
   2.9856000e+00
   2.3238000e+00
   1.6835000e+00
   1.1095000e+00
   6.2017000e-01
   2.3269000e-01
  -6.1680000e-02
  -3.9820000e-01
  -5.6316000e-01
  -6.9502000e-01
  -7.8789000e-01
  -8.4616000e-01
  -8.7392000e-01
  -8.6919000e-01
  -8.3169000e-01
  -7.6156000e-01
  -6.5321000e-01
  -4.9847000e-01
  -2.8620000e-01
  -1.7766000e-03
   2.8552000e-03
   2.0326000e-01
   2.6790000e-01
   2.0122000e-01
   9.2643000e-03
  -3.0082000e-01
  -7.1961000e-01
  -1.2347000e+00
  -1.8218000e+00
  -2.4474000e+00
  -3.0586000e+00
  -3.5713000e+00
  -3.8928000e+00
  -3.8297000e+00
  -3.5068000e+00
  -2.9985000e+00
  -1.9828000e+00
  -8.7821000e-01
  -5.6622000e-01
  -1.7879000e-01
   8.2826000e-02
   3.0174000e-01
   1.1700000e+00
   1.6415000e+00
   2.7598000e+00
   3.7003000e+00
   4.1418000e+00
   4.3065000e+00
   4.1594000e+00
   3.7512000e+00
   3.2059000e+00
   2.5988000e+00
   1.9934000e+00
   1.4335000e+00
   9.4761000e-01
   5.5521000e-01
   2.4063000e-01
  -1.4477000e-01
  -3.4879000e-01
  -5.1289000e-01
  -6.3468000e-01
  -7.1864000e-01
  -7.6847000e-01
  -7.6060000e-01
  -7.4162000e-01
  -6.8729000e-01
  -5.9344000e-01
  -4.5390000e-01
  -2.6025000e-01
  -1.5564000e-03
   1.6415000e-03
   4.4536000e-02
  -1.2501000e-03
  -1.4279000e-01
  -3.8163000e-01
  -7.1512000e-01
  -1.1362000e+00
  -1.6321000e+00
  -2.1849000e+00
  -2.7625000e+00
  -3.3188000e+00
  -3.7914000e+00
  -4.1092000e+00
  -4.2160000e+00
  -4.0532000e+00
  -3.5821000e+00
  -2.8928000e+00
  -2.1123000e+00
  -1.1867000e+00
  -5.3380000e-01
   2.1162000e-01
   1.1740000e+00
   1.8684000e+00
   2.7742000e+00
   3.4080000e+00
   4.1063000e+00
   4.4210000e+00
   4.4973000e+00
   4.2700000e+00
   3.9138000e+00
   3.4148000e+00
   2.8564000e+00
   2.2889000e+00
   1.7500000e+00
   1.2771000e+00
   8.8094000e-01
   5.4766000e-01
   1.2267000e-01
  -1.1517000e-01
  -3.0773000e-01
  -4.5603000e-01
  -5.6444000e-01
  -6.1422000e-01
  -6.4697000e-01
  -6.4459000e-01
  -6.0561000e-01
  -5.2709000e-01
  -4.0454000e-01
  -2.3189000e-01
  -1.3464000e-03
   5.4873000e-04
  -1.0647000e-01
  -2.5832000e-01
  -4.7139000e-01
  -7.5373000e-01
  -1.1069000e+00
  -1.5266000e+00
  -2.0018000e+00
  -2.5165000e+00
  -3.0440000e+00
  -3.5424000e+00
  -3.9641000e+00
  -4.2507000e+00
  -4.3565000e+00
  -4.2431000e+00
  -3.7456000e+00
  -3.2602000e+00
  -2.4915000e+00
  -1.6145000e+00
  -7.1856000e-01
   4.4604000e-01
   1.3468000e+00
   2.2614000e+00
   3.0456000e+00
   3.7576000e+00
   4.2384000e+00
   4.5108000e+00
   4.5652000e+00
   4.3554000e+00
   4.0032000e+00
   3.5771000e+00
   3.0710000e+00
   2.5453000e+00
   2.0404000e+00
   1.5849000e+00
   1.1894000e+00
   6.8690000e-01
   3.8507000e-01
   1.2303000e-01
  -9.2370000e-02
  -2.6365000e-01
  -3.7901000e-01
  -4.6661000e-01
  -5.1763000e-01
  -5.3238000e-01
  -5.1015000e-01
  -4.4916000e-01
  -3.4663000e-01
  -1.9882000e-01
  -1.1192000e-03
  -3.9289000e-04
  -2.4365000e-01
  -4.9265000e-01
  -7.7074000e-01
  -1.0912000e+00
  -1.4593000e+00
  -1.8733000e+00
  -2.3242000e+00
  -2.7967000e+00
  -3.2698000e+00
  -3.7089000e+00
  -4.0719000e+00
  -4.3117000e+00
  -4.3889000e+00
  -4.2719000e+00
  -3.8239000e+00
  -3.2298000e+00
  -2.6529000e+00
  -1.5213000e+00
  -5.5922000e-01
   4.2506000e-01
   1.3815000e+00
   2.2955000e+00
   3.1046000e+00
   3.7357000e+00
   4.2000000e+00
   4.4625000e+00
   4.5180000e+00
   4.3591000e+00
   4.0601000e+00
   3.6768000e+00
   3.2289000e+00
   2.7543000e+00
   2.2882000e+00
   1.8532000e+00
   1.4633000e+00
   9.5294000e-01
   6.3278000e-01
   3.5484000e-01
   1.2191000e-01
  -6.4045000e-02
  -2.0698000e-01
  -3.1226000e-01
  -3.8040000e-01
  -4.1198000e-01
  -4.0694000e-01
  -3.6461000e-01
  -2.8384000e-01
  -1.6312000e-01
  -8.8687000e-04
  -1.1708000e-03
  -3.6277000e-01
  -6.9664000e-01
  -1.0310000e+00
  -1.3829000e+00
  -1.7608000e+00
  -2.1652000e+00
  -2.5890000e+00
  -3.0184000e+00
  -3.4356000e+00
  -3.8142000e+00
  -4.1147000e+00
  -4.3014000e+00
  -4.3380000e+00
  -4.1999000e+00
  -3.7809000e+00
  -3.2160000e+00
  -2.4898000e+00
  -1.5745000e+00
  -7.8314000e-01
   4.1327000e-01
   1.3344000e+00
   2.2248000e+00
   2.9646000e+00
   3.6022000e+00
   4.0542000e+00
   4.3208000e+00
   4.4076000e+00
   4.2950000e+00
   4.0539000e+00
   3.7195000e+00
   3.3329000e+00
   2.9125000e+00
   2.4882000e+00
   2.0793000e+00
   1.6894000e+00
   1.1827000e+00
   8.5485000e-01
   5.6892000e-01
   3.1462000e-01
   1.1787000e-01
  -3.8613000e-02
  -1.5899000e-01
  -2.4252000e-01
  -2.8994000e-01
  -3.0171000e-01
  -2.7818000e-01
  -2.1966000e-01
  -1.2676000e-01
  -6.6034000e-04
  -1.7859000e-03
  -4.6119000e-01
  -8.6545000e-01
  -1.2457000e+00
  -1.6218000e+00
  -2.0045000e+00
  -2.3960000e+00
  -2.7914000e+00
  -3.1789000e+00
  -3.5415000e+00
  -3.8586000e+00
  -4.1008000e+00
  -4.2337000e+00
  -4.2281000e+00
  -3.9558000e+00
  -3.6630000e+00
  -3.1291000e+00
  -2.4521000e+00
  -1.6621000e+00
  -5.5173000e-01
   4.3141000e-01
   1.1925000e+00
   2.0101000e+00
   2.8220000e+00
   3.4069000e+00
   3.8481000e+00
   4.1238000e+00
   4.2467000e+00
   4.1813000e+00
   3.9976000e+00
   3.7139000e+00
   3.3861000e+00
   3.0186000e+00
   2.6343000e+00
   2.2452000e+00
   1.8655000e+00
   1.5037000e+00
   1.0516000e+00
   7.3721000e-01
   4.9367000e-01
   2.8749000e-01
   1.1896000e-01
  -1.3685000e-02
  -1.1044000e-01
  -1.7211000e-01
  -1.9963000e-01
  -1.9415000e-01
  -1.5732000e-01
  -9.1529000e-02
  -4.4926000e-04
  -2.2475000e-03
  -5.3758000e-01
  -9.9641000e-01
  -1.4114000e+00
  -1.8042000e+00
  -2.1869000e+00
  -2.5633000e+00
  -2.9302000e+00
  -3.2777000e+00
  -3.5907000e+00
  -3.8517000e+00
  -4.0375000e+00
  -4.1220000e+00
  -4.0004000e+00
  -3.7791000e+00
  -3.3503000e+00
  -2.8085000e+00
  -2.1383000e+00
  -1.3677000e+00
  -5.3182000e-01
   3.3805000e-01
   1.2089000e+00
   2.0075000e+00
   2.6854000e+00
   3.1690000e+00
   3.6323000e+00
   3.8866000e+00
   4.0014000e+00
   3.9891000e+00
   3.8703000e+00
   3.6626000e+00
   3.3858000e+00
   3.0632000e+00
   2.7126000e+00
   2.3500000e+00
   1.9901000e+00
   1.6453000e+00
   1.2814000e+00
   8.9378000e-01
   6.4800000e-01
   4.3644000e-01
   2.5987000e-01
   1.1791000e-01
   1.0356000e-02
  -6.3597000e-02
  -1.0521000e-01
  -1.1632000e-01
  -9.9617000e-02
  -5.9023000e-02
  -2.6185000e-04
  -2.5685000e-03
  -5.9149000e-01
  -1.0885000e+00
  -1.5268000e+00
  -1.9287000e+00
  -2.3072000e+00
  -2.6672000e+00
  -3.0065000e+00
  -3.3173000e+00
  -3.5867000e+00
  -3.7988000e+00
  -3.9203000e+00
  -3.9256000e+00
  -3.8163000e+00
  -3.5841000e+00
  -3.1668000e+00
  -2.6474000e+00
  -2.0161000e+00
  -1.2979000e+00
  -5.2336000e-01
   2.7267000e-01
   1.0609000e+00
   1.7896000e+00
   2.4325000e+00
   2.9636000e+00
   3.3667000e+00
   3.6376000e+00
   3.7808000e+00
   3.8065000e+00
   3.7294000e+00
   3.5666000e+00
   3.3338000e+00
   3.0512000e+00
   2.7357000e+00
   2.4041000e+00
   2.0704000e+00
   1.6875000e+00
   1.3877000e+00
   1.1106000e+00
   7.7363000e-01
   5.6044000e-01
   3.7948000e-01
   2.3116000e-01
   1.1540000e-01
   3.1433000e-02
  -2.2198000e-02
  -4.7818000e-02
  -4.8913000e-02
  -3.0566000e-02
  -1.0500000e-04
  -2.7615000e-03
  -6.2302000e-01
  -1.1417000e+00
  -1.5917000e+00
  -1.9955000e+00
  -2.3662000e+00
  -2.7090000e+00
  -3.0228000e+00
  -3.3009000e+00
  -3.5326000e+00
  -3.7044000e+00
  -3.7697000e+00
  -3.7445000e+00
  -3.6158000e+00
  -3.3763000e+00
  -2.9709000e+00
  -2.4774000e+00
  -1.8876000e+00
  -1.2225000e+00
  -5.0878000e-01
   2.2266000e-01
   9.3966000e-01
   1.6112000e+00
   2.2099000e+00
   2.7134000e+00
   3.1071000e+00
   3.3853000e+00
   3.5477000e+00
   3.6019000e+00
   3.5580000e+00
   3.4325000e+00
   3.2383000e+00
   2.9932000e+00
   2.7137000e+00
   2.4142000e+00
   2.0362000e+00
   1.7398000e+00
   1.4553000e+00
   1.1889000e+00
   8.6797000e-01
   6.5646000e-01
   4.7436000e-01
   3.2259000e-01
   2.0127000e-01
   1.0975000e-01
   4.6495000e-02
   8.8901000e-03
  -7.0560000e-03
  -7.2028000e-03
   1.5644000e-05
  -2.8356000e-03
  -6.3253000e-01
  -1.1565000e+00
  -1.6071000e+00
  -2.0060000e+00
  -2.3656000e+00
  -2.6912000e+00
  -2.9818000e+00
  -3.2317000e+00
  -3.4319000e+00
  -3.5530000e+00
  -3.5922000e+00
  -3.5453000e+00
  -3.4039000e+00
  -3.1630000e+00
  -2.8222000e+00
  -2.3087000e+00
  -1.7602000e+00
  -1.1470000e+00
  -4.9247000e-01
   1.7699000e-01
   8.3377000e-01
   1.4513000e+00
   2.0059000e+00
   2.4786000e+00
   2.8561000e+00
   3.1314000e+00
   3.3036000e+00
   3.3771000e+00
   3.3605000e+00
   3.2658000e+00
   3.1065000e+00
   2.8970000e+00
   2.6513000e+00
   2.3013000e+00
   2.0264000e+00
   1.7512000e+00
   1.4838000e+00
   1.2305000e+00
   9.9632000e-01
   7.8491000e-01
   5.4222000e-01
   3.8980000e-01
   2.6561000e-01
   1.6913000e-01
   9.8848000e-02
   5.2089000e-02
   2.4652000e-02
   1.0321000e-02
   9.5551000e-05
  -2.7928000e-03
  -6.2038000e-01
  -1.1339000e+00
  -1.5743000e+00
  -1.9619000e+00
  -2.3078000e+00
  -2.6163000e+00
  -2.8861000e+00
  -3.1220000e+00
  -3.2763000e+00
  -3.3678000e+00
  -3.3871000e+00
  -3.3262000e+00
  -3.1790000e+00
  -2.9424000e+00
  -2.6176000e+00
  -2.2099000e+00
  -1.6336000e+00
  -1.0711000e+00
  -4.7340000e-01
   1.3682000e-01
   7.3591000e-01
   1.3010000e+00
   1.8118000e+00
   2.2515000e+00
   2.6083000e+00
   2.8753000e+00
   3.0506000e+00
   3.1373000e+00
   3.1418000e+00
   3.0737000e+00
   2.9442000e+00
   2.7657000e+00
   2.4635000e+00
   2.2258000e+00
   1.9757000e+00
   1.7223000e+00
   1.4733000e+00
   1.2351000e+00
   1.0127000e+00
   8.1012000e-01
   6.3009000e-01
   4.3148000e-01
   3.0711000e-01
   2.0833000e-01
   1.3376000e-01
   8.0849000e-02
   4.5499000e-02
   2.1585000e-02
   1.3116000e-04
  -2.6246000e-03
  -5.8684000e-01
  -1.0745000e+00
  -1.4949000e+00
  -1.8655000e+00
  -2.1953000e+00
  -2.4868000e+00
  -2.7381000e+00
  -2.9372000e+00
  -3.0726000e+00
  -3.1469000e+00
  -3.1529000e+00
  -3.0846000e+00
  -2.9379000e+00
  -2.7111000e+00
  -2.4064000e+00
  -2.0293000e+00
  -1.5893000e+00
  -9.9267000e-01
  -4.5019000e-01
   1.0277000e-01
   6.4594000e-01
   1.1597000e+00
   1.6265000e+00
   2.0317000e+00
   2.3646000e+00
   2.6186000e+00
   2.7916000e+00
   2.8852000e+00
   2.9044000e+00
   2.8569000e+00
   2.7520000e+00
   2.5109000e+00
   2.3223000e+00
   2.1104000e+00
   1.8846000e+00
   1.6533000e+00
   1.4240000e+00
   1.2027000e+00
   9.9444000e-01
   8.0325000e-01
   6.3198000e-01
   4.8256000e-01
   3.2551000e-01
   2.2716000e-01
   1.5110000e-01
   9.5082000e-02
   5.5412000e-02
   2.6525000e-02
   1.1990000e-04
  -2.2073000e-03
  -5.1567000e-01
  -9.5142000e-01
  -1.3345000e+00
  -1.6772000e+00
  -1.9838000e+00
  -2.2537000e+00
  -2.5328000e+00
  -2.7054000e+00
  -2.8257000e+00
  -2.8877000e+00
  -2.8860000e+00
  -2.8160000e+00
  -2.6753000e+00
  -2.4634000e+00
  -2.1829000e+00
  -1.8394000e+00
  -1.4417000e+00
  -1.0014000e+00
  -4.1325000e-01
   6.8890000e-02
   5.4270000e-01
   9.9204000e-01
   1.4023000e+00
   1.7612000e+00
   2.0595000e+00
   2.2913000e+00
   2.4541000e+00
   2.5485000e+00
   2.5782000e+00
   2.5490000e+00
   2.4396000e+00
   2.3067000e+00
   2.1421000e+00
   1.9546000e+00
   1.7528000e+00
   1.5443000e+00
   1.3359000e+00
   1.1336000e+00
   9.4195000e-01
   7.6492000e-01
   6.0532000e-01
   4.6507000e-01
   3.1793000e-01
   2.2400000e-01
   1.4997000e-01
   9.4151000e-02
   5.3748000e-02
   2.4527000e-02
   3.9478000e-05
  -1.6418000e-03
  -4.3460000e-01
  -8.1422000e-01
  -1.1589000e+00
  -1.4742000e+00
  -1.7591000e+00
  -2.0102000e+00
  -2.2678000e+00
  -2.4249000e+00
  -2.5324000e+00
  -2.5854000e+00
  -2.5801000e+00
  -2.5133000e+00
  -2.3836000e+00
  -2.1915000e+00
  -1.9398000e+00
  -1.6338000e+00
  -1.2813000e+00
  -8.9271000e-01
  -3.7502000e-01
   4.8808000e-02
   4.6536000e-01
   8.6092000e-01
   1.2230000e+00
   1.5411000e+00
   1.8071000e+00
   2.0157000e+00
   2.1645000e+00
   2.2537000e+00
   2.2860000e+00
   2.2660000e+00
   2.1760000e+00
   2.0629000e+00
   1.9206000e+00
   1.7569000e+00
   1.5794000e+00
   1.3948000e+00
   1.2093000e+00
   1.0283000e+00
   8.5617000e-01
   6.9640000e-01
   5.5166000e-01
   4.2380000e-01
   2.8872000e-01
   2.0172000e-01
   1.3258000e-01
   8.0154000e-02
   4.2592000e-02
   1.7194000e-02
  -7.9233000e-05
  -7.8487000e-04
  -3.3383000e-01
  -6.4742000e-01
  -9.4803000e-01
  -1.2313000e+00
  -1.4903000e+00
  -1.7186000e+00
  -1.9513000e+00
  -2.0916000e+00
  -2.1864000e+00
  -2.2321000e+00
  -2.2261000e+00
  -2.1665000e+00
  -2.0526000e+00
  -1.8854000e+00
  -1.6676000e+00
  -1.4041000e+00
  -1.1018000e+00
  -7.6930000e-01
  -3.2730000e-01
   3.4178000e-02
   3.8942000e-01
   7.2698000e-01
   1.0365000e+00
   1.3090000e+00
   1.5377000e+00
   1.7181000e+00
   1.8479000e+00
   1.9270000e+00
   1.9576000e+00
   1.9433000e+00
   1.8694000e+00
   1.7745000e+00
   1.6540000e+00
   1.5145000e+00
   1.3626000e+00
   1.2040000e+00
   1.0441000e+00
   8.8770000e-01
   7.3850000e-01
   5.9964000e-01
   4.7346000e-01
   3.6159000e-01
   2.4283000e-01
   1.6590000e-01
   1.0452000e-01
   5.8100000e-02
   2.5778000e-02
   6.6149000e-03
  -2.3885000e-04
   4.9041000e-04
  -2.1738000e-01
  -4.5922000e-01
  -7.1079000e-01
  -9.5557000e-01
  -1.1810000e+00
  -1.3790000e+00
  -1.5788000e+00
  -1.6981000e+00
  -1.7780000e+00
  -1.8163000e+00
  -1.8114000e+00
  -1.7622000e+00
  -1.6687000e+00
  -1.5320000e+00
  -1.3545000e+00
  -1.1403000e+00
  -8.9499000e-01
  -6.2572000e-01
  -2.6820000e-01
   2.3948000e-02
   3.1097000e-01
   5.8374000e-01
   8.3392000e-01
   1.0544000e+00
   1.2397000e+00
   1.3861000e+00
   1.4916000e+00
   1.5563000e+00
   1.5817000e+00
   1.5707000e+00
   1.5112000e+00
   1.4345000e+00
   1.3368000e+00
   1.2235000e+00
   1.0998000e+00
   9.7067000e-01
   8.4037000e-01
   7.1271000e-01
   5.9087000e-01
   4.7736000e-01
   3.7408000e-01
   2.8233000e-01
   1.8465000e-01
   1.2116000e-01
   7.0442000e-02
   3.2432000e-02
   7.1712000e-03
  -4.6830000e-03
  -4.2037000e-04
   2.3086000e-03
  -9.6612000e-02
  -2.6589000e-01
  -4.6127000e-01
  -6.5542000e-01
  -8.3339000e-01
  -9.8778000e-01
  -1.1415000e+00
  -1.2324000e+00
  -1.2928000e+00
  -1.3219000e+00
  -1.3188000e+00
  -1.2830000e+00
  -1.2148000e+00
  -1.1151000e+00
  -9.8573000e-01
  -8.2974000e-01
  -6.5126000e-01
  -4.5545000e-01
  -1.9564000e-01
   1.6532000e-02
   2.2489000e-01
   4.2280000e-01
   6.0422000e-01
   7.6400000e-01
   8.9813000e-01
   1.0039000e+00
   1.0799000e+00
   1.1262000e+00
   1.1438000e+00
   1.1349000e+00
   1.0905000e+00
   1.0338000e+00
   9.6182000e-01
   8.7861000e-01
   7.8794000e-01
   6.9337000e-01
   5.9808000e-01
   5.0485000e-01
   4.1595000e-01
   3.3321000e-01
   2.5795000e-01
   1.9109000e-01
   1.1981000e-01
   7.3374000e-02
   3.6292000e-02
   8.8699000e-03
  -8.1045000e-03
  -1.2947000e-02
  -5.6395000e-04
   4.1715000e-03
  -3.9663000e-04
  -9.6579000e-02
  -2.1833000e-01
  -3.3789000e-01
  -4.4479000e-01
  -5.3551000e-01
  -6.2423000e-01
  -6.7609000e-01
  -7.1043000e-01
  -7.2706000e-01
  -7.2573000e-01
  -7.0631000e-01
  -6.6892000e-01
  -6.1409000e-01
  -5.4287000e-01
  -4.5692000e-01
  -3.5853000e-01
  -2.5056000e-01
  -1.0730000e-01
   9.6566000e-03
   1.2443000e-01
   2.3334000e-01
   3.3302000e-01
   4.2061000e-01
   4.9388000e-01
   5.5136000e-01
   5.9230000e-01
   6.1671000e-01
   6.2526000e-01
   6.1918000e-01
   5.9328000e-01
   5.6095000e-01
   5.2035000e-01
   4.7370000e-01
   4.2310000e-01
   3.7054000e-01
   3.1778000e-01
   2.6631000e-01
   2.1739000e-01
   1.7199000e-01
   1.3079000e-01
   9.4247000e-02
   5.5305000e-02
   2.9884000e-02
   9.5317000e-03
  -5.3854000e-03
  -1.3737000e-02
  -1.3178000e-02
  -4.3647000e-04
  -6.2093000e-04
   4.1778000e-03
   2.3415000e-03
   5.5454000e-04
  -7.0335000e-04
  -1.5673000e-03
  -2.1688000e-03
  -2.6748000e-03
  -2.9472000e-03
  -3.1252000e-03
  -3.2195000e-03
  -3.2333000e-03
  -3.1660000e-03
  -3.0157000e-03
  -2.7818000e-03
  -2.4665000e-03
  -2.0757000e-03
  -1.6196000e-03
  -1.1124000e-03
  -4.3451000e-04
   1.1876000e-04
   6.5745000e-04
   1.1605000e-03
   1.6088000e-03
   1.9871000e-03
   2.2840000e-03
   2.4933000e-03
   2.6134000e-03
   2.6475000e-03
   2.6024000e-03
   2.4882000e-03
   2.2652000e-03
   2.0410000e-03
   1.7890000e-03
   1.5216000e-03
   1.2500000e-03
   9.8359000e-04
   7.3029000e-04
   4.9601000e-04
   2.8491000e-04
   9.9289000e-05
  -6.0302000e-05
  -1.9517000e-04
  -3.3453000e-04
  -4.2815000e-04
  -5.1318000e-04
  -5.9107000e-04
  -6.3301000e-04
  -4.4549000e-04
   1.9540000e-04
