   3.2272000e+01
   3.4225000e+01
   3.6001000e+01
   3.7639000e+01
   3.9184000e+01
   4.0678000e+01
   4.2164000e+01
   4.4069000e+01
   4.5663000e+01
   4.7341000e+01
   4.9110000e+01
   5.0963000e+01
   5.2877000e+01
   5.4812000e+01
   5.6714000e+01
   5.8518000e+01
   6.0150000e+01
   6.1533000e+01
   6.2601000e+01
   6.3424000e+01
   6.3613000e+01
   6.3388000e+01
   6.2774000e+01
   6.1815000e+01
   6.0577000e+01
   5.9135000e+01
   5.7569000e+01
   5.5956000e+01
   5.4365000e+01
   5.2852000e+01
   5.1460000e+01
   4.9936000e+01
   4.8899000e+01
   4.8029000e+01
   4.7321000e+01
   4.6762000e+01
   4.6335000e+01
   4.6021000e+01
   4.5800000e+01
   4.5652000e+01
   4.5554000e+01
   4.5487000e+01
   4.5431000e+01
   4.5347000e+01
   4.5242000e+01
   4.5081000e+01
   4.4841000e+01
   4.4499000e+01
   4.4027000e+01
   4.3397000e+01
   3.2325000e+01
   3.4269000e+01
   3.6034000e+01
   3.7660000e+01
   3.9191000e+01
   4.0673000e+01
   4.2147000e+01
   4.4038000e+01
   4.5624000e+01
   4.7298000e+01
   4.9066000e+01
   5.0921000e+01
   5.2842000e+01
   5.4788000e+01
   5.6705000e+01
   5.8526000e+01
   6.0175000e+01
   6.1576000e+01
   6.2657000e+01
   6.3490000e+01
   6.3680000e+01
   6.3451000e+01
   6.2825000e+01
   6.1852000e+01
   6.0596000e+01
   5.9136000e+01
   5.7553000e+01
   5.5926000e+01
   5.4324000e+01
   5.2804000e+01
   5.1409000e+01
   4.9885000e+01
   4.8851000e+01
   4.7987000e+01
   4.7284000e+01
   4.6732000e+01
   4.6311000e+01
   4.6004000e+01
   4.5789000e+01
   4.5645000e+01
   4.5552000e+01
   4.5490000e+01
   4.5438000e+01
   4.5359000e+01
   4.5259000e+01
   4.5102000e+01
   4.4868000e+01
   4.4531000e+01
   4.4067000e+01
   4.3445000e+01
   3.2485000e+01
   3.4403000e+01
   3.6133000e+01
   3.7721000e+01
   3.9213000e+01
   4.0656000e+01
   4.2094000e+01
   4.3947000e+01
   4.5510000e+01
   4.7168000e+01
   4.8932000e+01
   5.0795000e+01
   5.2736000e+01
   5.4715000e+01
   5.6677000e+01
   5.8549000e+01
   6.0252000e+01
   6.1702000e+01
   6.2825000e+01
   6.3688000e+01
   6.3881000e+01
   6.3637000e+01
   6.2979000e+01
   6.1960000e+01
   6.0652000e+01
   5.9137000e+01
   5.7504000e+01
   5.5846000e+01
   5.4203000e+01
   5.2661000e+01
   5.1255000e+01
   4.9734000e+01
   4.8709000e+01
   4.7860000e+01
   4.7175000e+01
   4.6642000e+01
   4.6240000e+01
   4.5951000e+01
   4.5754000e+01
   4.5626000e+01
   4.5548000e+01
   4.5499000e+01
   4.5460000e+01
   4.5397000e+01
   4.5309000e+01
   4.5166000e+01
   4.4948000e+01
   4.4629000e+01
   4.4185000e+01
   4.3587000e+01
   3.2758000e+01
   3.4629000e+01
   3.6301000e+01
   3.7825000e+01
   3.9251000e+01
   4.0630000e+01
   4.2008000e+01
   4.3797000e+01
   4.5320000e+01
   4.6953000e+01
   4.8708000e+01
   5.0583000e+01
   5.2558000e+01
   5.4592000e+01
   5.6626000e+01
   5.8584000e+01
   6.0376000e+01
   6.1910000e+01
   6.3100000e+01
   6.4014000e+01
   6.4214000e+01
   6.3944000e+01
   6.3232000e+01
   6.2138000e+01
   6.0742000e+01
   5.9137000e+01
   5.7420000e+01
   5.5689000e+01
   5.4000000e+01
   5.2422000e+01
   5.1001000e+01
   4.9483000e+01
   4.8476000e+01
   4.7651000e+01
   4.6997000e+01
   4.6495000e+01
   4.6126000e+01
   4.5868000e+01
   4.5698000e+01
   4.5597000e+01
   4.5542000e+01
   4.5515000e+01
   4.5497000e+01
   4.5459000e+01
   4.5392000e+01
   4.5273000e+01
   4.5080000e+01
   4.4790000e+01
   4.4380000e+01
   4.3822000e+01
   3.3155000e+01
   3.4955000e+01
   3.6542000e+01
   3.7974000e+01
   3.9308000e+01
   4.0597000e+01
   4.1892000e+01
   4.3590000e+01
   4.5057000e+01
   4.6652000e+01
   4.8395000e+01
   5.0285000e+01
   5.2305000e+01
   5.4415000e+01
   5.6551000e+01
   5.8628000e+01
   6.0544000e+01
   6.2194000e+01
   6.3478000e+01
   6.4463000e+01
   6.4671000e+01
   6.4366000e+01
   6.3580000e+01
   6.2382000e+01
   6.0863000e+01
   5.9132000e+01
   5.7298000e+01
   5.5463000e+01
   5.3706000e+01
   5.2086000e+01
   5.0646000e+01
   4.9137000e+01
   4.8154000e+01
   4.7366000e+01
   4.6755000e+01
   4.6298000e+01
   4.5974000e+01
   4.5757000e+01
   4.5627000e+01
   4.5560000e+01
   4.5538000e+01
   4.5541000e+01
   4.5551000e+01
   4.5547000e+01
   4.5509000e+01
   4.5421000e+01
   4.5262000e+01
   4.5013000e+01
   4.4650000e+01
   4.4146000e+01
   3.3689000e+01
   3.5388000e+01
   3.6860000e+01
   3.8173000e+01
   3.9388000e+01
   4.0562000e+01
   4.1749000e+01
   4.3331000e+01
   4.4724000e+01
   4.6270000e+01
   4.7994000e+01
   4.9902000e+01
   5.1980000e+01
   5.4186000e+01
   5.6452000e+01
   5.8679000e+01
   6.0751000e+01
   6.2546000e+01
   6.3944000e+01
   6.5015000e+01
   6.5233000e+01
   6.4887000e+01
   6.4011000e+01
   6.2684000e+01
   6.1013000e+01
   5.9123000e+01
   5.7138000e+01
   5.5176000e+01
   5.3326000e+01
   5.1653000e+01
   5.0193000e+01
   4.8699000e+01
   4.7752000e+01
   4.7012000e+01
   4.6456000e+01
   4.6058000e+01
   4.5790000e+01
   4.5627000e+01
   4.5545000e+01
   4.5522000e+01
   4.5539000e+01
   4.5578000e+01
   4.5622000e+01
   4.5660000e+01
   4.5658000e+01
   4.5608000e+01
   4.5493000e+01
   4.5295000e+01
   4.4990000e+01
   4.4556000e+01
   3.4371000e+01
   3.5933000e+01
   3.7260000e+01
   3.8424000e+01
   3.9494000e+01
   4.0528000e+01
   4.1585000e+01
   4.3025000e+01
   4.4327000e+01
   4.5812000e+01
   4.7506000e+01
   4.9451000e+01
   5.1611000e+01
   5.3960000e+01
   5.6402000e+01
   5.8801000e+01
   6.1030000e+01
   6.2957000e+01
   6.4470000e+01
   6.5629000e+01
   6.5861000e+01
   6.5473000e+01
   6.4505000e+01
   6.3039000e+01
   6.1252000e+01
   5.9124000e+01
   5.6907000e+01
   5.4847000e+01
   5.2881000e+01
   5.1135000e+01
   4.9649000e+01
   4.8177000e+01
   4.7276000e+01
   4.6598000e+01
   4.6112000e+01
   4.5784000e+01
   4.5584000e+01
   4.5484000e+01
   4.5459000e+01
   4.5487000e+01
   4.5549000e+01
   4.5630000e+01
   4.5713000e+01
   4.5799000e+01
   4.5837000e+01
   4.5832000e+01
   4.5769000e+01
   4.5630000e+01
   4.5396000e+01
   4.5045000e+01
   3.5453000e+01
   3.6786000e+01
   3.7880000e+01
   3.8818000e+01
   3.9669000e+01
   4.0496000e+01
   4.1360000e+01
   4.2681000e+01
   4.3881000e+01
   4.5302000e+01
   4.6968000e+01
   4.8721000e+01
   5.1218000e+01
   5.3859000e+01
   5.6596000e+01
   5.8791000e+01
   6.1459000e+01
   6.3412000e+01
   6.5454000e+01
   6.6336000e+01
   6.6585000e+01
   6.6174000e+01
   6.5000000e+01
   6.3488000e+01
   6.1422000e+01
   5.9082000e+01
   5.6749000e+01
   5.4407000e+01
   5.2386000e+01
   5.0551000e+01
   4.8706000e+01
   4.7580000e+01
   4.6736000e+01
   4.6135000e+01
   4.5732000e+01
   4.5487000e+01
   4.5366000e+01
   4.5337000e+01
   4.5376000e+01
   4.5460000e+01
   4.5573000e+01
   4.5698000e+01
   4.5824000e+01
   4.6009000e+01
   4.6104000e+01
   4.6162000e+01
   4.6171000e+01
   4.6118000e+01
   4.5986000e+01
   4.5758000e+01
   3.6502000e+01
   3.7599000e+01
   3.8469000e+01
   3.9195000e+01
   3.9845000e+01
   4.0484000e+01
   4.1171000e+01
   4.1978000e+01
   4.3398000e+01
   4.4381000e+01
   4.6003000e+01
   4.7985000e+01
   5.0411000e+01
   5.2975000e+01
   5.6100000e+01
   5.9558000e+01
   6.1644000e+01
   6.4130000e+01
   6.5854000e+01
   6.6636000e+01
   6.6873000e+01
   6.6531000e+01
   6.5506000e+01
   6.3921000e+01
   6.2106000e+01
   5.9498000e+01
   5.6734000e+01
   5.4100000e+01
   5.1354000e+01
   4.9492000e+01
   4.8017000e+01
   4.6911000e+01
   4.6137000e+01
   4.5629000e+01
   4.5327000e+01
   4.5180000e+01
   4.5146000e+01
   4.5196000e+01
   4.5303000e+01
   4.5448000e+01
   4.5613000e+01
   4.5859000e+01
   4.6038000e+01
   4.6204000e+01
   4.6347000e+01
   4.6459000e+01
   4.6531000e+01
   4.6553000e+01
   4.6512000e+01
   4.6394000e+01
   3.7713000e+01
   3.8526000e+01
   3.9137000e+01
   3.9625000e+01
   4.0055000e+01
   4.0486000e+01
   4.0979000e+01
   4.1605000e+01
   4.2442000e+01
   4.3772000e+01
   4.5355000e+01
   4.7405000e+01
   4.9811000e+01
   5.3466000e+01
   5.6691000e+01
   6.0326000e+01
   6.2869000e+01
   6.4518000e+01
   6.5735000e+01
   6.6262000e+01
   6.6321000e+01
   6.6453000e+01
   6.5936000e+01
   6.4827000e+01
   6.2453000e+01
   5.9271000e+01
   5.6930000e+01
   5.3885000e+01
   5.0779000e+01
   4.8768000e+01
   4.7253000e+01
   4.6178000e+01
   4.5484000e+01
   4.5086000e+01
   4.4901000e+01
   4.4866000e+01
   4.4934000e+01
   4.5069000e+01
   4.5248000e+01
   4.5455000e+01
   4.5752000e+01
   4.5984000e+01
   4.6209000e+01
   4.6420000e+01
   4.6612000e+01
   4.6780000e+01
   4.6918000e+01
   4.7020000e+01
   4.7078000e+01
   4.7079000e+01
   3.9074000e+01
   3.9555000e+01
   3.9875000e+01
   4.0103000e+01
   4.0295000e+01
   4.0502000e+01
   4.0783000e+01
   4.1201000e+01
   4.2223000e+01
   4.3038000e+01
   4.4709000e+01
   4.6691000e+01
   4.9516000e+01
   5.3822000e+01
   5.7586000e+01
   6.1015000e+01
   6.3994000e+01
   6.5040000e+01
   6.4361000e+01
   6.4573000e+01
   6.4794000e+01
   6.5027000e+01
   6.4999000e+01
   6.5933000e+01
   6.3999000e+01
   6.0486000e+01
   5.6582000e+01
   5.3885000e+01
   5.0209000e+01
   4.7993000e+01
   4.6406000e+01
   4.5375000e+01
   4.4786000e+01
   4.4516000e+01
   4.4464000e+01
   4.4556000e+01
   4.4733000e+01
   4.4960000e+01
   4.5216000e+01
   4.5568000e+01
   4.5852000e+01
   4.6131000e+01
   4.6399000e+01
   4.6655000e+01
   4.6896000e+01
   4.7121000e+01
   4.7327000e+01
   4.7512000e+01
   4.7671000e+01
   4.7798000e+01
   4.0558000e+01
   4.0665000e+01
   4.0668000e+01
   4.0619000e+01
   4.0558000e+01
   4.0528000e+01
   4.0577000e+01
   4.0763000e+01
   4.1516000e+01
   4.2444000e+01
   4.3988000e+01
   4.6107000e+01
   4.9283000e+01
   5.4902000e+01
   5.9639000e+01
   6.2768000e+01
   6.3200000e+01
   6.3516000e+01
   6.3968000e+01
   6.4143000e+01
   6.4333000e+01
   6.4559000e+01
   6.4551000e+01
   6.4656000e+01
   6.4569000e+01
   6.3125000e+01
   5.7815000e+01
   5.4316000e+01
   5.0255000e+01
   4.7102000e+01
   4.5448000e+01
   4.4495000e+01
   4.4046000e+01
   4.3937000e+01
   4.4035000e+01
   4.4261000e+01
   4.4555000e+01
   4.4876000e+01
   4.5207000e+01
   4.5641000e+01
   4.5975000e+01
   4.6296000e+01
   4.6606000e+01
   4.6905000e+01
   4.7194000e+01
   4.7475000e+01
   4.7748000e+01
   4.8016000e+01
   4.8279000e+01
   4.8537000e+01
   4.2127000e+01
   4.1827000e+01
   4.1495000e+01
   4.1157000e+01
   4.0835000e+01
   4.0554000e+01
   4.0347000e+01
   4.0266000e+01
   4.0430000e+01
   4.1552000e+01
   4.3026000e+01
   4.5271000e+01
   4.8962000e+01
   5.6285000e+01
   6.2108000e+01
   6.2436000e+01
   6.2800000e+01
   6.3223000e+01
   6.3536000e+01
   6.3743000e+01
   6.3952000e+01
   6.4014000e+01
   6.4125000e+01
   6.4222000e+01
   6.4242000e+01
   6.4179000e+01
   6.4117000e+01
   5.4415000e+01
   4.9444000e+01
   4.5976000e+01
   4.4318000e+01
   4.3510000e+01
   4.3258000e+01
   4.3345000e+01
   4.3618000e+01
   4.3991000e+01
   4.4401000e+01
   4.4817000e+01
   4.5338000e+01
   4.5737000e+01
   4.6116000e+01
   4.6477000e+01
   4.6826000e+01
   4.7165000e+01
   4.7499000e+01
   4.7834000e+01
   4.8174000e+01
   4.8524000e+01
   4.8891000e+01
   4.9279000e+01
   4.3730000e+01
   4.3006000e+01
   4.2331000e+01
   4.1702000e+01
   4.1113000e+01
   4.0570000e+01
   4.0089000e+01
   3.9690000e+01
   3.9749000e+01
   3.9801000e+01
   4.1252000e+01
   4.3762000e+01
   4.9997000e+01
   6.1349000e+01
   6.1791000e+01
   6.2085000e+01
   6.2471000e+01
   6.2829000e+01
   6.3092000e+01
   6.3288000e+01
   6.3514000e+01
   6.3687000e+01
   6.3725000e+01
   6.3817000e+01
   6.3818000e+01
   6.3892000e+01
   6.3843000e+01
   6.3743000e+01
   4.8203000e+01
   4.4309000e+01
   4.2608000e+01
   4.2039000e+01
   4.2400000e+01
   4.2738000e+01
   4.3214000e+01
   4.3744000e+01
   4.4276000e+01
   4.4789000e+01
   4.5402000e+01
   4.5852000e+01
   4.6271000e+01
   4.6669000e+01
   4.7052000e+01
   4.7428000e+01
   4.7805000e+01
   4.8191000e+01
   4.8594000e+01
   4.9024000e+01
   4.9491000e+01
   5.0008000e+01
   4.5309000e+01
   4.4161000e+01
   4.3149000e+01
   4.2233000e+01
   4.1379000e+01
   4.0564000e+01
   3.9799000e+01
   3.9105000e+01
   3.8228000e+01
   3.8038000e+01
   3.8975000e+01
   4.1767000e+01
   6.0852000e+01
   6.1178000e+01
   6.1481000e+01
   6.1801000e+01
   6.2150000e+01
   6.2395000e+01
   6.2693000e+01
   6.2896000e+01
   6.3068000e+01
   6.3270000e+01
   6.3355000e+01
   6.3434000e+01
   6.3515000e+01
   6.3488000e+01
   6.3503000e+01
   6.3505000e+01
   4.5435000e+01
   4.1199000e+01
   4.0420000e+01
   4.0523000e+01
   4.1071000e+01
   4.1798000e+01
   4.2832000e+01
   4.3518000e+01
   4.4176000e+01
   4.4783000e+01
   4.5483000e+01
   4.5979000e+01
   4.6434000e+01
   4.6864000e+01
   4.7279000e+01
   4.7689000e+01
   4.8105000e+01
   4.8538000e+01
   4.9000000e+01
   4.9505000e+01
   5.0068000e+01
   5.0705000e+01
   4.6798000e+01
   4.5247000e+01
   4.3918000e+01
   4.2732000e+01
   4.1622000e+01
   4.0534000e+01
   3.9458000e+01
   3.7905000e+01
   3.6784000e+01
   3.5758000e+01
   3.4971000e+01
   6.0449000e+01
   6.0738000e+01
   6.0960000e+01
   6.1310000e+01
   6.1574000e+01
   6.1861000e+01
   6.2061000e+01
   6.2367000e+01
   6.2528000e+01
   6.2693000e+01
   6.2931000e+01
   6.2996000e+01
   6.3115000e+01
   6.3157000e+01
   6.3215000e+01
   6.3237000e+01
   6.3251000e+01
   6.3239000e+01
   3.7323000e+01
   3.7647000e+01
   3.8479000e+01
   4.0155000e+01
   4.1259000e+01
   4.2183000e+01
   4.3296000e+01
   4.4092000e+01
   4.4795000e+01
   4.5450000e+01
   4.6011000e+01
   4.6599000e+01
   4.7057000e+01
   4.7499000e+01
   4.7939000e+01
   4.8391000e+01
   4.8867000e+01
   4.9383000e+01
   4.9957000e+01
   5.0606000e+01
   5.1356000e+01
   4.8133000e+01
   4.6223000e+01
   4.4611000e+01
   4.3183000e+01
   4.1838000e+01
   4.0486000e+01
   3.9065000e+01
   3.6849000e+01
   3.5443000e+01
   3.2576000e+01
   3.0308000e+01
   6.0395000e+01
   6.0566000e+01
   6.0835000e+01
   6.1025000e+01
   6.1278000e+01
   6.1529000e+01
   6.1798000e+01
   6.2003000e+01
   6.2232000e+01
   6.2390000e+01
   6.2584000e+01
   6.2636000e+01
   6.2753000e+01
   6.2866000e+01
   6.2939000e+01
   6.2993000e+01
   6.3011000e+01
   6.3011000e+01
   3.2031000e+01
   3.4018000e+01
   3.6905000e+01
   3.8673000e+01
   4.0252000e+01
   4.1957000e+01
   4.3097000e+01
   4.4031000e+01
   4.4839000e+01
   4.5532000e+01
   4.6129000e+01
   4.6665000e+01
   4.7239000e+01
   4.7706000e+01
   4.8173000e+01
   4.8655000e+01
   4.9170000e+01
   4.9734000e+01
   5.0368000e+01
   5.1095000e+01
   5.1943000e+01
   4.9252000e+01
   4.7049000e+01
   4.5205000e+01
   4.3575000e+01
   4.2028000e+01
   4.0441000e+01
   3.8681000e+01
   3.6568000e+01
   3.3791000e+01
   3.0521000e+01
   6.0243000e+01
   6.0318000e+01
   6.0482000e+01
   6.0604000e+01
   6.0842000e+01
   6.1049000e+01
   6.1316000e+01
   6.1496000e+01
   6.1660000e+01
   6.1864000e+01
   6.2092000e+01
   6.2257000e+01
   6.2333000e+01
   6.2524000e+01
   6.2568000e+01
   6.2635000e+01
   6.2694000e+01
   6.2785000e+01
   6.2823000e+01
   6.2878000e+01
   2.9836000e+01
   3.4501000e+01
   3.7017000e+01
   3.9990000e+01
   4.1514000e+01
   4.2765000e+01
   4.4009000e+01
   4.4883000e+01
   4.5604000e+01
   4.6235000e+01
   4.6797000e+01
   4.7315000e+01
   4.7892000e+01
   4.8382000e+01
   4.8893000e+01
   4.9441000e+01
   5.0046000e+01
   5.0732000e+01
   5.1523000e+01
   5.2453000e+01
   5.0109000e+01
   4.7695000e+01
   4.5682000e+01
   4.3901000e+01
   4.2200000e+01
   4.0427000e+01
   3.8410000e+01
   3.5110000e+01
   3.1768000e+01
   2.6634000e+01
   6.0234000e+01
   6.0261000e+01
   6.0351000e+01
   6.0488000e+01
   6.0672000e+01
   6.0876000e+01
   6.1109000e+01
   6.1209000e+01
   6.1422000e+01
   6.1555000e+01
   6.1799000e+01
   6.1884000e+01
   6.2078000e+01
   6.2177000e+01
   6.2282000e+01
   6.2396000e+01
   6.2466000e+01
   6.2531000e+01
   6.2643000e+01
   6.2668000e+01
   2.6797000e+01
   3.2555000e+01
   3.6626000e+01
   3.8927000e+01
   4.1103000e+01
   4.2744000e+01
   4.3823000e+01
   4.4909000e+01
   4.5664000e+01
   4.6321000e+01
   4.6905000e+01
   4.7443000e+01
   4.7959000e+01
   4.8563000e+01
   4.9097000e+01
   4.9673000e+01
   5.0313000e+01
   5.1040000e+01
   5.1883000e+01
   5.2876000e+01
   5.0769000e+01
   4.8225000e+01
   4.6101000e+01
   4.4217000e+01
   4.2406000e+01
   4.0499000e+01
   3.8297000e+01
   3.4826000e+01
   3.1273000e+01
   2.5451000e+01
   6.0248000e+01
   6.0233000e+01
   6.0279000e+01
   6.0369000e+01
   6.0515000e+01
   6.0647000e+01
   6.0863000e+01
   6.0996000e+01
   6.1187000e+01
   6.1349000e+01
   6.1514000e+01
   6.1622000e+01
   6.1752000e+01
   6.1914000e+01
   6.2057000e+01
   6.2138000e+01
   6.2256000e+01
   6.2326000e+01
   6.2433000e+01
   6.2537000e+01
   2.4271000e+01
   3.1434000e+01
   3.5956000e+01
   3.9031000e+01
   4.1158000e+01
   4.2752000e+01
   4.3973000e+01
   4.4908000e+01
   4.5704000e+01
   4.6385000e+01
   4.6987000e+01
   4.7542000e+01
   4.8075000e+01
   4.8742000e+01
   4.9302000e+01
   4.9906000e+01
   5.0578000e+01
   5.1342000e+01
   5.2227000e+01
   5.3272000e+01
   5.0937000e+01
   4.8406000e+01
   4.6284000e+01
   4.4393000e+01
   4.2573000e+01
   4.0656000e+01
   3.8450000e+01
   3.4970000e+01
   3.1398000e+01
   2.5358000e+01
   6.0275000e+01
   6.0223000e+01
   6.0240000e+01
   6.0291000e+01
   6.0393000e+01
   6.0520000e+01
   6.0667000e+01
   6.0845000e+01
   6.0987000e+01
   6.1115000e+01
   6.1218000e+01
   6.1420000e+01
   6.1550000e+01
   6.1682000e+01
   6.1804000e+01
   6.1910000e+01
   6.2037000e+01
   6.2146000e+01
   6.2254000e+01
   6.2359000e+01
   2.4755000e+01
   3.0587000e+01
   3.5936000e+01
   3.8824000e+01
   4.1038000e+01
   4.2783000e+01
   4.3806000e+01
   4.4932000e+01
   4.5728000e+01
   4.6423000e+01
   4.7040000e+01
   4.7610000e+01
   4.8159000e+01
   4.8845000e+01
   4.9420000e+01
   5.0041000e+01
   5.0729000e+01
   5.1510000e+01
   5.2412000e+01
   5.3473000e+01
   5.0799000e+01
   4.8381000e+01
   4.6337000e+01
   4.4506000e+01
   4.2743000e+01
   4.0902000e+01
   3.8815000e+01
   3.6200000e+01
   3.2019000e+01
   2.7860000e+01
   6.0334000e+01
   6.0235000e+01
   6.0207000e+01
   6.0232000e+01
   6.0292000e+01
   6.0404000e+01
   6.0513000e+01
   6.0624000e+01
   6.0756000e+01
   6.0932000e+01
   6.1027000e+01
   6.1236000e+01
   6.1345000e+01
   6.1495000e+01
   6.1623000e+01
   6.1724000e+01
   6.1851000e+01
   6.1957000e+01
   6.2134000e+01
   6.2243000e+01
   2.6382000e+01
   3.2636000e+01
   3.6226000e+01
   3.8918000e+01
   4.1185000e+01
   4.2784000e+01
   4.3820000e+01
   4.4942000e+01
   4.5734000e+01
   4.6437000e+01
   4.7065000e+01
   4.7648000e+01
   4.8210000e+01
   4.8912000e+01
   4.9500000e+01
   5.0132000e+01
   5.0828000e+01
   5.1614000e+01
   5.2518000e+01
   5.3574000e+01
   5.0383000e+01
   4.8169000e+01
   4.6273000e+01
   4.4560000e+01
   4.2913000e+01
   4.1217000e+01
   3.8855000e+01
   3.6814000e+01
   3.4140000e+01
   3.0609000e+01
   2.6002000e+01
   6.0244000e+01
   6.0197000e+01
   6.0198000e+01
   6.0241000e+01
   6.0311000e+01
   6.0378000e+01
   6.0519000e+01
   6.0611000e+01
   6.0769000e+01
   6.0857000e+01
   6.0979000e+01
   6.1171000e+01
   6.1242000e+01
   6.1374000e+01
   6.1553000e+01
   6.1680000e+01
   6.1805000e+01
   6.1974000e+01
   6.2122000e+01
   3.0046000e+01
   3.3418000e+01
   3.7437000e+01
   3.9308000e+01
   4.1263000e+01
   4.2808000e+01
   4.4072000e+01
   4.4949000e+01
   4.5730000e+01
   4.6431000e+01
   4.7066000e+01
   4.7659000e+01
   4.8231000e+01
   4.8947000e+01
   4.9543000e+01
   5.0179000e+01
   5.0877000e+01
   5.1657000e+01
   5.2547000e+01
   5.3578000e+01
   4.9733000e+01
   4.7799000e+01
   4.6107000e+01
   4.4561000e+01
   4.3076000e+01
   4.1573000e+01
   3.9581000e+01
   3.8138000e+01
   3.5609000e+01
   3.3418000e+01
   3.1055000e+01
   6.0296000e+01
   6.0211000e+01
   6.0179000e+01
   6.0184000e+01
   6.0236000e+01
   6.0301000e+01
   6.0361000e+01
   6.0477000e+01
   6.0593000e+01
   6.0715000e+01
   6.0842000e+01
   6.0930000e+01
   6.1074000e+01
   6.1194000e+01
   6.1372000e+01
   6.1532000e+01
   6.1624000e+01
   6.1802000e+01
   3.1319000e+01
   3.3816000e+01
   3.6234000e+01
   3.8141000e+01
   4.0029000e+01
   4.1792000e+01
   4.2883000e+01
   4.4113000e+01
   4.4959000e+01
   4.5718000e+01
   4.6411000e+01
   4.7048000e+01
   4.7647000e+01
   4.8228000e+01
   4.8952000e+01
   4.9552000e+01
   5.0188000e+01
   5.0879000e+01
   5.1644000e+01
   5.2506000e+01
   5.3494000e+01
   4.8907000e+01
   4.7306000e+01
   4.5862000e+01
   4.4520000e+01
   4.3226000e+01
   4.1948000e+01
   4.0362000e+01
   3.9044000e+01
   3.8050000e+01
   3.6549000e+01
   3.5912000e+01
   6.0364000e+01
   6.0238000e+01
   6.0172000e+01
   6.0159000e+01
   6.0167000e+01
   6.0213000e+01
   6.0264000e+01
   6.0336000e+01
   6.0418000e+01
   6.0536000e+01
   6.0646000e+01
   6.0806000e+01
   6.0895000e+01
   6.1055000e+01
   6.1188000e+01
   6.1360000e+01
   6.1499000e+01
   6.1681000e+01
   3.6793000e+01
   3.7594000e+01
   3.8521000e+01
   3.9736000e+01
   4.0942000e+01
   4.2059000e+01
   4.3076000e+01
   4.4173000e+01
   4.4981000e+01
   4.5711000e+01
   4.6386000e+01
   4.7020000e+01
   4.7621000e+01
   4.8205000e+01
   4.8933000e+01
   4.9533000e+01
   5.0163000e+01
   5.0839000e+01
   5.1580000e+01
   5.2403000e+01
   5.3332000e+01
   4.7971000e+01
   4.6734000e+01
   4.5566000e+01
   4.4448000e+01
   4.3363000e+01
   4.2309000e+01
   4.1062000e+01
   4.0135000e+01
   3.9235000e+01
   3.8983000e+01
   4.0313000e+01
   4.2362000e+01
   6.0264000e+01
   6.0188000e+01
   6.0141000e+01
   6.0124000e+01
   6.0147000e+01
   6.0184000e+01
   6.0235000e+01
   6.0309000e+01
   6.0410000e+01
   6.0516000e+01
   6.0643000e+01
   6.0768000e+01
   6.0937000e+01
   6.1069000e+01
   6.1220000e+01
   6.1426000e+01
   4.5299000e+01
   4.0602000e+01
   3.9894000e+01
   4.0012000e+01
   4.0667000e+01
   4.1517000e+01
   4.2414000e+01
   4.3286000e+01
   4.4265000e+01
   4.5016000e+01
   4.5713000e+01
   4.6363000e+01
   4.6989000e+01
   4.7588000e+01
   4.8171000e+01
   4.8898000e+01
   4.9491000e+01
   5.0109000e+01
   5.0765000e+01
   5.1473000e+01
   5.2247000e+01
   5.3104000e+01
   4.6991000e+01
   4.6128000e+01
   4.5247000e+01
   4.4362000e+01
   4.3489000e+01
   4.2650000e+01
   4.1713000e+01
   4.1098000e+01
   4.0741000e+01
   4.0896000e+01
   4.1990000e+01
   4.5080000e+01
   5.0417000e+01
   6.0212000e+01
   6.0141000e+01
   6.0093000e+01
   6.0089000e+01
   6.0109000e+01
   6.0140000e+01
   6.0209000e+01
   6.0299000e+01
   6.0396000e+01
   6.0502000e+01
   6.0631000e+01
   6.0793000e+01
   6.0957000e+01
   6.1071000e+01
   6.1272000e+01
   4.6734000e+01
   4.3320000e+01
   4.1852000e+01
   4.1403000e+01
   4.1608000e+01
   4.2138000e+01
   4.2811000e+01
   4.3532000e+01
   4.4245000e+01
   4.5078000e+01
   4.5731000e+01
   4.6355000e+01
   4.6964000e+01
   4.7555000e+01
   4.8133000e+01
   4.8851000e+01
   4.9434000e+01
   5.0035000e+01
   5.0664000e+01
   5.1332000e+01
   5.2049000e+01
   5.2826000e+01
   4.6034000e+01
   4.5533000e+01
   4.4934000e+01
   4.4281000e+01
   4.3617000e+01
   4.2983000e+01
   4.2319000e+01
   4.1949000e+01
   4.1877000e+01
   4.2359000e+01
   4.3753000e+01
   4.6467000e+01
   5.0585000e+01
   6.0225000e+01
   6.0133000e+01
   6.0073000e+01
   6.0042000e+01
   6.0041000e+01
   6.0080000e+01
   6.0116000e+01
   6.0193000e+01
   6.0290000e+01
   6.0389000e+01
   6.0504000e+01
   6.0627000e+01
   6.0799000e+01
   6.0984000e+01
   5.1961000e+01
   4.7456000e+01
   4.4718000e+01
   4.3177000e+01
   4.2523000e+01
   4.2453000e+01
   4.2737000e+01
   4.3220000e+01
   4.3803000e+01
   4.4416000e+01
   4.5159000e+01
   4.5769000e+01
   4.6364000e+01
   4.6953000e+01
   4.7530000e+01
   4.8097000e+01
   4.8800000e+01
   4.9368000e+01
   4.9946000e+01
   5.0544000e+01
   5.1167000e+01
   5.1821000e+01
   5.2512000e+01
   4.5157000e+01
   4.4990000e+01
   4.4653000e+01
   4.4222000e+01
   4.3755000e+01
   4.3310000e+01
   4.2882000e+01
   4.2710000e+01
   4.2845000e+01
   4.3478000e+01
   4.4663000e+01
   4.7265000e+01
   5.0772000e+01
   5.3909000e+01
   5.8681000e+01
   6.0052000e+01
   5.9998000e+01
   5.9983000e+01
   5.9988000e+01
   6.0027000e+01
   6.0085000e+01
   6.0161000e+01
   6.0253000e+01
   6.0376000e+01
   6.0524000e+01
   6.0505000e+01
   5.6194000e+01
   5.1317000e+01
   4.8045000e+01
   4.5661000e+01
   4.4178000e+01
   4.3421000e+01
   4.3189000e+01
   4.3303000e+01
   4.3636000e+01
   4.4095000e+01
   4.4618000e+01
   4.5272000e+01
   4.5836000e+01
   4.6399000e+01
   4.6963000e+01
   4.7520000e+01
   4.8069000e+01
   4.8752000e+01
   4.9298000e+01
   4.9851000e+01
   5.0412000e+01
   5.0986000e+01
   5.1574000e+01
   5.2177000e+01
   4.4407000e+01
   4.4527000e+01
   4.4427000e+01
   4.4200000e+01
   4.3916000e+01
   4.3641000e+01
   4.3443000e+01
   4.3408000e+01
   4.3746000e+01
   4.4338000e+01
   4.5476000e+01
   4.7239000e+01
   5.0375000e+01
   5.3104000e+01
   5.7060000e+01
   5.9653000e+01
   6.1314000e+01
   5.9923000e+01
   5.9917000e+01
   5.9923000e+01
   6.0000000e+01
   6.0079000e+01
   6.0153000e+01
   6.1321000e+01
   6.0332000e+01
   5.7367000e+01
   5.4708000e+01
   5.1696000e+01
   4.8341000e+01
   4.6343000e+01
   4.4978000e+01
   4.4193000e+01
   4.3859000e+01
   4.3850000e+01
   4.4062000e+01
   4.4417000e+01
   4.4856000e+01
   4.5417000e+01
   4.5934000e+01
   4.6462000e+01
   4.6996000e+01
   4.7528000e+01
   4.8056000e+01
   4.8711000e+01
   4.9232000e+01
   4.9754000e+01
   5.0276000e+01
   5.0799000e+01
   5.1321000e+01
   5.1836000e+01
   4.3818000e+01
   4.4170000e+01
   4.4275000e+01
   4.4228000e+01
   4.4107000e+01
   4.3982000e+01
   4.3927000e+01
   4.4058000e+01
   4.4462000e+01
   4.5092000e+01
   4.6157000e+01
   4.7702000e+01
   5.0280000e+01
   5.2867000e+01
   5.4780000e+01
   5.7689000e+01
   5.9307000e+01
   6.0541000e+01
   6.0814000e+01
   6.0847000e+01
   6.0850000e+01
   6.1011000e+01
   6.0926000e+01
   6.0091000e+01
   5.8410000e+01
   5.5798000e+01
   5.3768000e+01
   5.0734000e+01
   4.8615000e+01
   4.6917000e+01
   4.5682000e+01
   4.4893000e+01
   4.4492000e+01
   4.4388000e+01
   4.4502000e+01
   4.4767000e+01
   4.5129000e+01
   4.5601000e+01
   4.6069000e+01
   4.6558000e+01
   4.7057000e+01
   4.7559000e+01
   4.8060000e+01
   4.8681000e+01
   4.9174000e+01
   4.9662000e+01
   5.0143000e+01
   5.0614000e+01
   5.1071000e+01
   5.1503000e+01
   4.3341000e+01
   4.3907000e+01
   4.4210000e+01
   4.4346000e+01
   4.4395000e+01
   4.4429000e+01
   4.4515000e+01
   4.4721000e+01
   4.5111000e+01
   4.5765000e+01
   4.6763000e+01
   4.8141000e+01
   4.9876000e+01
   5.2453000e+01
   5.4665000e+01
   5.6362000e+01
   5.8436000e+01
   5.9979000e+01
   6.0638000e+01
   6.1006000e+01
   6.1105000e+01
   6.0963000e+01
   6.0103000e+01
   5.9209000e+01
   5.7449000e+01
   5.4962000e+01
   5.3260000e+01
   5.1181000e+01
   4.8911000e+01
   4.7435000e+01
   4.6308000e+01
   4.5541000e+01
   4.5098000e+01
   4.4923000e+01
   4.4956000e+01
   4.5147000e+01
   4.5436000e+01
   4.5824000e+01
   4.6241000e+01
   4.6685000e+01
   4.7146000e+01
   4.7613000e+01
   4.8083000e+01
   4.8666000e+01
   4.9118000e+01
   4.9561000e+01
   4.9989000e+01
   5.0397000e+01
   5.0777000e+01
   5.1114000e+01
   4.3165000e+01
   4.3841000e+01
   4.4258000e+01
   4.4507000e+01
   4.4665000e+01
   4.4802000e+01
   4.4980000e+01
   4.5262000e+01
   4.5705000e+01
   4.6369000e+01
   4.7308000e+01
   4.8555000e+01
   5.0083000e+01
   5.1858000e+01
   5.3824000e+01
   5.5826000e+01
   5.7594000e+01
   5.8963000e+01
   6.0084000e+01
   6.0490000e+01
   6.0649000e+01
   6.0069000e+01
   5.9461000e+01
   5.8130000e+01
   5.6760000e+01
   5.4794000e+01
   5.2983000e+01
   5.1180000e+01
   4.9140000e+01
   4.7914000e+01
   4.6884000e+01
   4.6143000e+01
   4.5679000e+01
   4.5452000e+01
   4.5425000e+01
   4.5551000e+01
   4.5776000e+01
   4.6080000e+01
   4.6444000e+01
   4.6842000e+01
   4.7261000e+01
   4.7691000e+01
   4.8248000e+01
   4.8673000e+01
   4.9090000e+01
   4.9495000e+01
   4.9881000e+01
   5.0241000e+01
   5.0564000e+01
   5.0834000e+01
   4.3171000e+01
   4.3904000e+01
   4.4395000e+01
   4.4726000e+01
   4.4968000e+01
   4.5186000e+01
   4.5436000e+01
   4.5774000e+01
   4.6251000e+01
   4.6915000e+01
   4.7800000e+01
   4.8935000e+01
   5.0293000e+01
   5.1839000e+01
   5.3496000e+01
   5.5612000e+01
   5.6847000e+01
   5.8163000e+01
   5.9101000e+01
   5.9517000e+01
   5.9557000e+01
   5.9351000e+01
   5.8398000e+01
   5.7458000e+01
   5.5886000e+01
   5.4405000e+01
   5.2817000e+01
   5.1241000e+01
   4.9452000e+01
   4.8251000e+01
   4.7414000e+01
   4.6707000e+01
   4.6233000e+01
   4.5975000e+01
   4.5899000e+01
   4.5967000e+01
   4.6098000e+01
   4.6359000e+01
   4.6672000e+01
   4.7023000e+01
   4.7400000e+01
   4.7918000e+01
   4.8308000e+01
   4.8697000e+01
   4.9078000e+01
   4.9445000e+01
   4.9791000e+01
   5.0106000e+01
   5.0378000e+01
   5.0591000e+01
   4.3344000e+01
   4.4089000e+01
   4.4616000e+01
   4.4999000e+01
   4.5300000e+01
   4.5576000e+01
   4.5879000e+01
   4.6255000e+01
   4.6748000e+01
   4.7397000e+01
   4.8229000e+01
   4.9262000e+01
   5.0473000e+01
   5.1821000e+01
   5.3246000e+01
   5.5089000e+01
   5.6306000e+01
   5.7230000e+01
   5.8203000e+01
   5.8576000e+01
   5.8747000e+01
   5.8174000e+01
   5.7657000e+01
   5.6795000e+01
   5.5357000e+01
   5.4057000e+01
   5.2671000e+01
   5.0959000e+01
   4.9721000e+01
   4.8651000e+01
   4.7884000e+01
   4.7224000e+01
   4.6758000e+01
   4.6481000e+01
   4.6367000e+01
   4.6385000e+01
   4.6445000e+01
   4.6654000e+01
   4.6919000e+01
   4.7226000e+01
   4.7687000e+01
   4.8033000e+01
   4.8386000e+01
   4.8738000e+01
   4.9083000e+01
   4.9413000e+01
   4.9719000e+01
   4.9993000e+01
   5.0221000e+01
   5.0387000e+01
   4.3666000e+01
   4.4382000e+01
   4.4913000e+01
   4.5319000e+01
   4.5654000e+01
   4.5968000e+01
   4.6304000e+01
   4.6703000e+01
   4.7197000e+01
   4.7820000e+01
   4.8597000e+01
   4.9527000e+01
   5.0607000e+01
   5.1785000e+01
   5.3010000e+01
   5.4595000e+01
   5.5657000e+01
   5.6504000e+01
   5.7377000e+01
   5.7659000e+01
   5.7549000e+01
   5.7379000e+01
   5.6926000e+01
   5.5851000e+01
   5.4849000e+01
   5.3714000e+01
   5.2508000e+01
   5.1024000e+01
   4.9943000e+01
   4.8993000e+01
   4.8297000e+01
   4.7689000e+01
   4.7245000e+01
   4.6961000e+01
   4.6820000e+01
   4.6792000e+01
   4.6793000e+01
   4.6956000e+01
   4.7178000e+01
   4.7566000e+01
   4.7857000e+01
   4.8165000e+01
   4.8480000e+01
   4.8796000e+01
   4.9104000e+01
   4.9398000e+01
   4.9668000e+01
   4.9905000e+01
   5.0095000e+01
   5.0224000e+01
   4.4112000e+01
   4.4767000e+01
   4.5273000e+01
   4.5678000e+01
   4.6026000e+01
   4.6358000e+01
   4.6710000e+01
   4.7114000e+01
   4.7599000e+01
   4.8186000e+01
   4.8896000e+01
   4.9734000e+01
   5.0687000e+01
   5.1704000e+01
   5.2933000e+01
   5.4121000e+01
   5.5031000e+01
   5.5778000e+01
   5.6361000e+01
   5.6643000e+01
   5.6618000e+01
   5.6612000e+01
   5.5813000e+01
   5.5228000e+01
   5.4354000e+01
   5.3369000e+01
   5.2333000e+01
   5.1058000e+01
   5.0118000e+01
   4.9284000e+01
   4.8661000e+01
   4.8106000e+01
   4.7688000e+01
   4.7404000e+01
   4.7239000e+01
   4.7179000e+01
   4.7205000e+01
   4.7266000e+01
   4.7564000e+01
   4.7788000e+01
   4.8040000e+01
   4.8310000e+01
   4.8589000e+01
   4.8868000e+01
   4.9141000e+01
   4.9400000e+01
   4.9637000e+01
   4.9841000e+01
   5.0001000e+01
   5.0102000e+01
   4.4657000e+01
   4.5226000e+01
   4.5684000e+01
   4.6067000e+01
   4.6409000e+01
   4.6741000e+01
   4.7094000e+01
   4.7491000e+01
   4.7954000e+01
   4.8500000e+01
   4.9141000e+01
   4.9880000e+01
   5.0708000e+01
   5.1765000e+01
   5.2610000e+01
   5.3741000e+01
   5.4480000e+01
   5.5086000e+01
   5.5529000e+01
   5.5784000e+01
   5.5791000e+01
   5.5567000e+01
   5.5121000e+01
   5.4386000e+01
   5.3910000e+01
   5.2781000e+01
   5.1921000e+01
   5.1077000e+01
   5.0291000e+01
   4.9582000e+01
   4.8968000e+01
   4.8461000e+01
   4.8071000e+01
   4.7793000e+01
   4.7621000e+01
   4.7543000e+01
   4.7547000e+01
   4.7724000e+01
   4.7828000e+01
   4.8016000e+01
   4.8232000e+01
   4.8466000e+01
   4.8709000e+01
   4.8953000e+01
   4.9193000e+01
   4.9419000e+01
   4.9625000e+01
   4.9801000e+01
   4.9936000e+01
   5.0019000e+01
   4.5277000e+01
   4.5742000e+01
   4.6133000e+01
   4.6477000e+01
   4.6797000e+01
   4.7116000e+01
   4.7455000e+01
   4.7834000e+01
   4.8267000e+01
   4.8766000e+01
   4.9337000e+01
   5.0168000e+01
   5.0856000e+01
   5.1570000e+01
   5.2290000e+01
   5.3258000e+01
   5.3891000e+01
   5.4406000e+01
   5.4773000e+01
   5.4967000e+01
   5.4971000e+01
   5.4789000e+01
   5.4426000e+01
   5.3881000e+01
   5.3231000e+01
   5.2523000e+01
   5.1789000e+01
   5.1065000e+01
   5.0380000e+01
   4.9754000e+01
   4.9209000e+01
   4.8755000e+01
   4.8399000e+01
   4.8138000e+01
   4.7970000e+01
   4.7886000e+01
   4.7961000e+01
   4.8018000e+01
   4.8123000e+01
   4.8246000e+01
   4.8428000e+01
   4.8628000e+01
   4.8837000e+01
   4.9049000e+01
   4.9256000e+01
   4.9452000e+01
   4.9630000e+01
   4.9781000e+01
   4.9898000e+01
   4.9970000e+01
   4.5946000e+01
   4.6293000e+01
   4.6606000e+01
   4.6898000e+01
   4.7185000e+01
   4.7479000e+01
   4.7795000e+01
   4.8145000e+01
   4.8541000e+01
   4.8989000e+01
   4.9493000e+01
   5.0204000e+01
   5.0787000e+01
   5.1389000e+01
   5.1990000e+01
   5.2808000e+01
   5.3330000e+01
   5.3753000e+01
   5.4052000e+01
   5.4208000e+01
   5.4209000e+01
   5.4056000e+01
   5.3760000e+01
   5.3337000e+01
   5.2814000e+01
   5.2226000e+01
   5.1612000e+01
   5.0998000e+01
   5.0411000e+01
   4.9871000e+01
   4.9397000e+01
   4.8999000e+01
   4.8682000e+01
   4.8447000e+01
   4.8290000e+01
   4.8272000e+01
   4.8261000e+01
   4.8301000e+01
   4.8383000e+01
   4.8473000e+01
   4.8626000e+01
   4.8794000e+01
   4.8972000e+01
   4.9152000e+01
   4.9329000e+01
   4.9497000e+01
   4.9649000e+01
   4.9780000e+01
   4.9883000e+01
   4.9950000e+01
   4.6638000e+01
   4.6861000e+01
   4.7088000e+01
   4.7322000e+01
   4.7567000e+01
   4.7828000e+01
   4.8114000e+01
   4.8430000e+01
   4.8783000e+01
   4.9177000e+01
   4.9751000e+01
   5.0214000e+01
   5.0702000e+01
   5.1202000e+01
   5.1695000e+01
   5.2162000e+01
   5.2802000e+01
   5.3145000e+01
   5.3386000e+01
   5.3511000e+01
   5.3511000e+01
   5.3386000e+01
   5.3146000e+01
   5.2804000e+01
   5.2383000e+01
   5.1906000e+01
   5.1400000e+01
   5.0890000e+01
   5.0399000e+01
   4.9945000e+01
   4.9544000e+01
   4.9203000e+01
   4.8929000e+01
   4.8723000e+01
   4.8627000e+01
   4.8560000e+01
   4.8544000e+01
   4.8570000e+01
   4.8633000e+01
   4.8725000e+01
   4.8839000e+01
   4.8961000e+01
   4.9109000e+01
   4.9260000e+01
   4.9409000e+01
   4.9551000e+01
   4.9681000e+01
   4.9794000e+01
   4.9886000e+01
   4.9952000e+01
   4.7329000e+01
   4.7428000e+01
   4.7567000e+01
   4.7739000e+01
   4.7939000e+01
   4.8163000e+01
   4.8413000e+01
   4.8690000e+01
   4.9126000e+01
   4.9458000e+01
   4.9818000e+01
   5.0202000e+01
   5.0603000e+01
   5.1010000e+01
   5.1409000e+01
   5.1783000e+01
   5.2116000e+01
   5.2584000e+01
   5.2775000e+01
   5.2874000e+01
   5.2873000e+01
   5.2773000e+01
   5.2580000e+01
   5.2307000e+01
   5.1969000e+01
   5.1586000e+01
   5.1177000e+01
   5.0763000e+01
   5.0363000e+01
   4.9990000e+01
   4.9658000e+01
   4.9374000e+01
   4.9144000e+01
   4.8992000e+01
   4.8885000e+01
   4.8825000e+01
   4.8806000e+01
   4.8823000e+01
   4.8871000e+01
   4.8944000e+01
   4.9035000e+01
   4.9139000e+01
   4.9247000e+01
   4.9371000e+01
   4.9494000e+01
   4.9612000e+01
   4.9721000e+01
   4.9818000e+01
   4.9902000e+01
   4.9971000e+01
   4.7995000e+01
   4.7974000e+01
   4.8030000e+01
   4.8142000e+01
   4.8297000e+01
   4.8482000e+01
   4.8694000e+01
   4.8929000e+01
   4.9299000e+01
   4.9573000e+01
   4.9866000e+01
   5.0177000e+01
   5.0497000e+01
   5.0820000e+01
   5.1135000e+01
   5.1428000e+01
   5.1688000e+01
   5.1900000e+01
   5.2218000e+01
   5.2294000e+01
   5.2293000e+01
   5.2214000e+01
   5.2063000e+01
   5.1849000e+01
   5.1584000e+01
   5.1282000e+01
   5.0959000e+01
   5.0631000e+01
   5.0312000e+01
   5.0014000e+01
   4.9747000e+01
   4.9517000e+01
   4.9334000e+01
   4.9206000e+01
   4.9118000e+01
   4.9066000e+01
   4.9048000e+01
   4.9059000e+01
   4.9095000e+01
   4.9150000e+01
   4.9222000e+01
   4.9304000e+01
   4.9393000e+01
   4.9482000e+01
   4.9581000e+01
   4.9676000e+01
   4.9766000e+01
   4.9849000e+01
   4.9926000e+01
   4.9998000e+01
   4.8757000e+01
   4.8602000e+01
   4.8568000e+01
   4.8616000e+01
   4.8719000e+01
   4.8857000e+01
   4.9021000e+01
   4.9252000e+01
   4.9454000e+01
   4.9672000e+01
   4.9902000e+01
   5.0144000e+01
   5.0391000e+01
   5.0638000e+01
   5.0878000e+01
   5.1100000e+01
   5.1296000e+01
   5.1456000e+01
   5.1572000e+01
   5.1648000e+01
   5.1646000e+01
   5.1590000e+01
   5.1483000e+01
   5.1332000e+01
   5.1144000e+01
   5.0931000e+01
   5.0701000e+01
   5.0467000e+01
   5.0239000e+01
   5.0024000e+01
   4.9831000e+01
   4.9627000e+01
   4.9496000e+01
   4.9396000e+01
   4.9326000e+01
   4.9284000e+01
   4.9269000e+01
   4.9275000e+01
   4.9302000e+01
   4.9343000e+01
   4.9397000e+01
   4.9460000e+01
   4.9528000e+01
   4.9617000e+01
   4.9688000e+01
   4.9758000e+01
   4.9826000e+01
   4.9892000e+01
   4.9959000e+01
   5.0033000e+01
   4.9276000e+01
   4.9039000e+01
   4.8952000e+01
   4.8962000e+01
   4.9032000e+01
   4.9136000e+01
   4.9262000e+01
   4.9440000e+01
   4.9594000e+01
   4.9758000e+01
   4.9930000e+01
   5.0108000e+01
   5.0289000e+01
   5.0469000e+01
   5.0643000e+01
   5.0803000e+01
   5.0944000e+01
   5.1059000e+01
   5.1142000e+01
   5.1196000e+01
   5.1194000e+01
   5.1154000e+01
   5.1077000e+01
   5.0968000e+01
   5.0833000e+01
   5.0678000e+01
   5.0513000e+01
   5.0343000e+01
   5.0178000e+01
   5.0022000e+01
   4.9881000e+01
   4.9732000e+01
   4.9636000e+01
   4.9562000e+01
   4.9510000e+01
   4.9479000e+01
   4.9466000e+01
   4.9471000e+01
   4.9489000e+01
   4.9519000e+01
   4.9558000e+01
   4.9603000e+01
   4.9653000e+01
   4.9717000e+01
   4.9769000e+01
   4.9821000e+01
   4.9872000e+01
   4.9925000e+01
   4.9982000e+01
   5.0053000e+01
   4.9689000e+01
   4.9401000e+01
   4.9286000e+01
   4.9274000e+01
   4.9319000e+01
   4.9393000e+01
   4.9485000e+01
   4.9612000e+01
   4.9720000e+01
   4.9834000e+01
   4.9952000e+01
   5.0073000e+01
   5.0196000e+01
   5.0318000e+01
   5.0434000e+01
   5.0542000e+01
   5.0636000e+01
   5.0713000e+01
   5.0768000e+01
   5.0803000e+01
   5.0802000e+01
   5.0775000e+01
   5.0723000e+01
   5.0650000e+01
   5.0560000e+01
   5.0456000e+01
   5.0345000e+01
   5.0232000e+01
   5.0120000e+01
   5.0015000e+01
   4.9920000e+01
   4.9819000e+01
   4.9755000e+01
   4.9705000e+01
   4.9669000e+01
   4.9648000e+01
   4.9640000e+01
   4.9643000e+01
   4.9655000e+01
   4.9675000e+01
   4.9701000e+01
   4.9731000e+01
   4.9765000e+01
   4.9808000e+01
   4.9843000e+01
   4.9878000e+01
   4.9914000e+01
   4.9953000e+01
   4.9999000e+01
   5.0061000e+01
   4.9968000e+01
   4.9677000e+01
   4.9565000e+01
   4.9546000e+01
   4.9574000e+01
   4.9623000e+01
   4.9682000e+01
   4.9762000e+01
   4.9830000e+01
   4.9899000e+01
   4.9970000e+01
   5.0043000e+01
   5.0117000e+01
   5.0189000e+01
   5.0258000e+01
   5.0322000e+01
   5.0378000e+01
   5.0423000e+01
   5.0456000e+01
   5.0477000e+01
   5.0476000e+01
   5.0459000e+01
   5.0429000e+01
   5.0385000e+01
   5.0331000e+01
   5.0270000e+01
   5.0204000e+01
   5.0137000e+01
   5.0070000e+01
   5.0008000e+01
   4.9951000e+01
   4.9892000e+01
   4.9853000e+01
   4.9824000e+01
   4.9803000e+01
   4.9790000e+01
   4.9785000e+01
   4.9787000e+01
   4.9795000e+01
   4.9807000e+01
   4.9822000e+01
   4.9840000e+01
   4.9860000e+01
   4.9886000e+01
   4.9906000e+01
   4.9927000e+01
   4.9950000e+01
   4.9975000e+01
   5.0008000e+01
   5.0055000e+01
   5.0094000e+01
   4.9864000e+01
   4.9785000e+01
   4.9772000e+01
   4.9788000e+01
   4.9814000e+01
   4.9845000e+01
   4.9885000e+01
   4.9918000e+01
   4.9952000e+01
   4.9986000e+01
   5.0020000e+01
   5.0055000e+01
   5.0089000e+01
   5.0121000e+01
   5.0151000e+01
   5.0177000e+01
   5.0199000e+01
   5.0214000e+01
   5.0224000e+01
   5.0223000e+01
   5.0216000e+01
   5.0201000e+01
   5.0181000e+01
   5.0155000e+01
   5.0126000e+01
   5.0095000e+01
   5.0063000e+01
   5.0032000e+01
   5.0003000e+01
   4.9976000e+01
   4.9948000e+01
   4.9930000e+01
   4.9916000e+01
   4.9907000e+01
   4.9901000e+01
   4.9899000e+01
   4.9900000e+01
   4.9903000e+01
   4.9909000e+01
   4.9917000e+01
   4.9925000e+01
   4.9934000e+01
   4.9946000e+01
   4.9956000e+01
   4.9966000e+01
   4.9977000e+01
   4.9990000e+01
   5.0009000e+01
   5.0035000e+01
   5.0068000e+01
   4.9968000e+01
   4.9938000e+01
   4.9935000e+01
   4.9941000e+01
   4.9950000e+01
   4.9959000e+01
   4.9970000e+01
   4.9978000e+01
   4.9987000e+01
   4.9996000e+01
   5.0005000e+01
   5.0014000e+01
   5.0023000e+01
   5.0031000e+01
   5.0039000e+01
   5.0046000e+01
   5.0052000e+01
   5.0055000e+01
   5.0058000e+01
   5.0058000e+01
   5.0056000e+01
   5.0052000e+01
   5.0047000e+01
   5.0040000e+01
   5.0032000e+01
   5.0024000e+01
   5.0016000e+01
   5.0008000e+01
   5.0000000e+01
   4.9993000e+01
   4.9986000e+01
   4.9981000e+01
   4.9978000e+01
   4.9976000e+01
   4.9974000e+01
   4.9974000e+01
   4.9974000e+01
   4.9975000e+01
   4.9977000e+01
   4.9979000e+01
   4.9981000e+01
   4.9983000e+01
   4.9986000e+01
   4.9989000e+01
   4.9991000e+01
   4.9994000e+01
   4.9998000e+01
   5.0004000e+01
   5.0009000e+01
   4.9996000e+01
   5.0001000e+01
   5.0003000e+01
   5.0003000e+01
   5.0003000e+01
   5.0002000e+01
   5.0002000e+01
   5.0001000e+01
   5.0001000e+01
   5.0001000e+01
   5.0000000e+01
   5.0000000e+01
   4.9999000e+01
   4.9999000e+01
   4.9999000e+01
   4.9998000e+01
   4.9998000e+01
   4.9998000e+01
   4.9998000e+01
   4.9997000e+01
   4.9997000e+01
   4.9998000e+01
   4.9998000e+01
   4.9998000e+01
   4.9998000e+01
   4.9999000e+01
   4.9999000e+01
   4.9999000e+01
   5.0000000e+01
   5.0000000e+01
   5.0000000e+01
   5.0001000e+01
   5.0001000e+01
   5.0001000e+01
   5.0001000e+01
   5.0001000e+01
   5.0001000e+01
   5.0001000e+01
   5.0001000e+01
   5.0001000e+01
   5.0001000e+01
   5.0001000e+01
   5.0001000e+01
   5.0001000e+01
   5.0000000e+01
   5.0000000e+01
   5.0000000e+01
   5.0000000e+01
   5.0000000e+01
   4.9999000e+01
