   0.0000000e+00
  -1.9935000e-05
  -4.0861000e-05
  -6.2580000e-05
  -8.4953000e-05
  -1.0790000e-04
  -1.3140000e-04
  -1.6162000e-04
  -1.8659000e-04
  -2.1240000e-04
  -2.3922000e-04
  -2.6722000e-04
  -2.9656000e-04
  -3.2737000e-04
  -3.5973000e-04
  -3.9363000e-04
  -4.2900000e-04
  -4.6567000e-04
  -5.0338000e-04
  -5.5146000e-04
  -5.9018000e-04
  -6.2868000e-04
  -6.6654000e-04
  -7.0338000e-04
  -7.3891000e-04
  -7.7290000e-04
  -8.0523000e-04
  -8.3587000e-04
  -8.6486000e-04
  -8.9235000e-04
  -9.1850000e-04
  -9.4964000e-04
  -9.7359000e-04
  -9.9695000e-04
  -1.0199000e-03
  -1.0427000e-03
  -1.0655000e-03
  -1.0884000e-03
  -1.1116000e-03
  -1.1352000e-03
  -1.1591000e-03
  -1.1835000e-03
  -1.2083000e-03
  -1.2400000e-03
  -1.2658000e-03
  -1.2919000e-03
  -1.3182000e-03
  -1.3447000e-03
  -1.3711000e-03
  -1.3973000e-03
  -1.3677000e-06
  -2.1332000e-05
  -4.2278000e-05
  -6.4006000e-05
  -8.6376000e-05
  -1.0931000e-04
  -1.3278000e-04
  -1.6294000e-04
  -1.8784000e-04
  -2.1358000e-04
  -2.4032000e-04
  -2.6823000e-04
  -2.9747000e-04
  -3.2818000e-04
  -3.6044000e-04
  -3.9425000e-04
  -4.2953000e-04
  -4.6613000e-04
  -5.0377000e-04
  -5.5177000e-04
  -5.9043000e-04
  -6.2887000e-04
  -6.6667000e-04
  -7.0345000e-04
  -7.3891000e-04
  -7.7282000e-04
  -8.0507000e-04
  -8.3562000e-04
  -8.6453000e-04
  -8.9194000e-04
  -9.1802000e-04
  -9.4908000e-04
  -9.7299000e-04
  -9.9631000e-04
  -1.0193000e-03
  -1.0420000e-03
  -1.0648000e-03
  -1.0877000e-03
  -1.1109000e-03
  -1.1345000e-03
  -1.1584000e-03
  -1.1828000e-03
  -1.2077000e-03
  -1.2394000e-03
  -1.2652000e-03
  -1.2913000e-03
  -1.3177000e-03
  -1.3442000e-03
  -1.3706000e-03
  -1.3968000e-03
  -5.4619000e-06
  -2.5513000e-05
  -4.6521000e-05
  -6.8279000e-05
  -9.0640000e-05
  -1.1352000e-04
  -1.3690000e-04
  -1.6690000e-04
  -1.9162000e-04
  -2.1715000e-04
  -2.4363000e-04
  -2.7127000e-04
  -3.0023000e-04
  -3.3064000e-04
  -3.6261000e-04
  -3.9614000e-04
  -4.3117000e-04
  -4.6752000e-04
  -5.0495000e-04
  -5.5270000e-04
  -5.9118000e-04
  -6.2943000e-04
  -6.6704000e-04
  -7.0361000e-04
  -7.3885000e-04
  -7.7253000e-04
  -8.0453000e-04
  -8.3463000e-04
  -8.6346000e-04
  -8.9067000e-04
  -9.1655000e-04
  -9.4740000e-04
  -9.7116000e-04
  -9.9437000e-04
  -1.0173000e-03
  -1.0400000e-03
  -1.0628000e-03
  -1.0857000e-03
  -1.1089000e-03
  -1.1325000e-03
  -1.1565000e-03
  -1.1809000e-03
  -1.2058000e-03
  -1.2376000e-03
  -1.2634000e-03
  -1.2896000e-03
  -1.3160000e-03
  -1.3426000e-03
  -1.3691000e-03
  -1.3954000e-03
  -1.2255000e-05
  -3.2455000e-05
  -5.3569000e-05
  -7.5380000e-05
  -9.7733000e-05
  -1.2054000e-04
  -1.4379000e-04
  -1.7352000e-04
  -1.9796000e-04
  -2.2314000e-04
  -2.4923000e-04
  -2.7643000e-04
  -3.0492000e-04
  -3.3486000e-04
  -3.6634000e-04
  -3.9941000e-04
  -4.3399000e-04
  -4.6993000e-04
  -5.0697000e-04
  -5.5427000e-04
  -5.9240000e-04
  -6.3031000e-04
  -6.6756000e-04
  -7.0377000e-04
  -7.3863000e-04
  -7.7191000e-04
  -8.0351000e-04
  -8.3325000e-04
  -8.6156000e-04
  -8.8842000e-04
  -9.1400000e-04
  -9.4451000e-04
  -9.6806000e-04
  -9.9111000e-04
  -1.0139000e-03
  -1.0366000e-03
  -1.0593000e-03
  -1.0823000e-03
  -1.1055000e-03
  -1.1292000e-03
  -1.1532000e-03
  -1.1778000e-03
  -1.2028000e-03
  -1.2346000e-03
  -1.2606000e-03
  -1.2868000e-03
  -1.3134000e-03
  -1.3400000e-03
  -1.3666000e-03
  -1.3931000e-03
  -2.1695000e-05
  -4.2110000e-05
  -6.3380000e-05
  -8.5273000e-05
  -1.0763000e-04
  -1.3036000e-04
  -1.5343000e-04
  -1.8283000e-04
  -2.0690000e-04
  -2.3164000e-04
  -2.5721000e-04
  -2.8384000e-04
  -3.1171000e-04
  -3.4100000e-04
  -3.7184000e-04
  -4.0425000e-04
  -4.3820000e-04
  -4.7352000e-04
  -5.0994000e-04
  -5.5650000e-04
  -5.9405000e-04
  -6.3139000e-04
  -6.6808000e-04
  -7.0373000e-04
  -7.3802000e-04
  -7.7074000e-04
  -8.0177000e-04
  -8.3105000e-04
  -8.5876000e-04
  -8.8509000e-04
  -9.1023000e-04
  -9.4031000e-04
  -9.6361000e-04
  -9.8647000e-04
  -1.0091000e-03
  -1.0317000e-03
  -1.0545000e-03
  -1.0775000e-03
  -1.1008000e-03
  -1.1246000e-03
  -1.1488000e-03
  -1.1734000e-03
  -1.1986000e-03
  -1.2306000e-03
  -1.2567000e-03
  -1.2831000e-03
  -1.3097000e-03
  -1.3365000e-03
  -1.3633000e-03
  -1.3899000e-03
  -3.3700000e-05
  -5.4404000e-05
  -7.5885000e-05
  -9.7898000e-05
  -1.2028000e-04
  -1.4293000e-04
  -1.6582000e-04
  -1.9485000e-04
  -2.1852000e-04
  -2.4275000e-04
  -2.6773000e-04
  -2.9369000e-04
  -3.2084000e-04
  -3.4936000e-04
  -3.7940000e-04
  -4.1099000e-04
  -4.4409000e-04
  -4.7853000e-04
  -5.1406000e-04
  -5.5946000e-04
  -5.9609000e-04
  -6.3252000e-04
  -6.6834000e-04
  -7.0317000e-04
  -7.3669000e-04
  -7.6866000e-04
  -7.9899000e-04
  -8.2765000e-04
  -8.5474000e-04
  -8.8047000e-04
  -9.0510000e-04
  -9.3469000e-04
  -9.5770000e-04
  -9.8037000e-04
  -1.0029000e-03
  -1.0255000e-03
  -1.0483000e-03
  -1.0714000e-03
  -1.0949000e-03
  -1.1188000e-03
  -1.1431000e-03
  -1.1680000e-03
  -1.1933000e-03
  -1.2255000e-03
  -1.2518000e-03
  -1.2783000e-03
  -1.3051000e-03
  -1.3321000e-03
  -1.3591000e-03
  -1.3859000e-03
  -4.8150000e-05
  -6.9220000e-05
  -9.0973000e-05
  -1.1315000e-04
  -1.3559000e-04
  -1.5820000e-04
  -1.8093000e-04
  -2.0960000e-04
  -2.3286000e-04
  -2.5658000e-04
  -2.8065000e-04
  -3.0586000e-04
  -3.3287000e-04
  -3.6105000e-04
  -3.9039000e-04
  -4.2082000e-04
  -4.5264000e-04
  -4.8560000e-04
  -5.1965000e-04
  -5.6326000e-04
  -5.9840000e-04
  -6.3340000e-04
  -6.6791000e-04
  -7.0157000e-04
  -7.3305000e-04
  -7.6394000e-04
  -7.9336000e-04
  -8.2236000e-04
  -8.4879000e-04
  -8.7403000e-04
  -8.9822000e-04
  -9.2747000e-04
  -9.5023000e-04
  -9.7276000e-04
  -9.9527000e-04
  -1.0179000e-03
  -1.0408000e-03
  -1.0641000e-03
  -1.0877000e-03
  -1.1119000e-03
  -1.1364000e-03
  -1.1615000e-03
  -1.1870000e-03
  -1.2196000e-03
  -1.2460000e-03
  -1.2728000e-03
  -1.2998000e-03
  -1.3269000e-03
  -1.3541000e-03
  -1.3813000e-03
  -6.9383000e-05
  -9.1030000e-05
  -1.1322000e-04
  -1.3569000e-04
  -1.5828000e-04
  -1.8090000e-04
  -2.0351000e-04
  -2.2718000e-04
  -2.5046000e-04
  -2.7397000e-04
  -2.9691000e-04
  -3.2334000e-04
  -3.4876000e-04
  -3.7727000e-04
  -4.0708000e-04
  -4.3435000e-04
  -4.6540000e-04
  -4.9540000e-04
  -5.3761000e-04
  -5.6980000e-04
  -6.0172000e-04
  -6.3398000e-04
  -6.6693000e-04
  -6.9787000e-04
  -7.2895000e-04
  -7.5928000e-04
  -7.8627000e-04
  -8.1267000e-04
  -8.4040000e-04
  -8.6509000e-04
  -8.9504000e-04
  -9.1813000e-04
  -9.4091000e-04
  -9.6354000e-04
  -9.8615000e-04
  -1.0089000e-03
  -1.0320000e-03
  -1.0555000e-03
  -1.0795000e-03
  -1.1039000e-03
  -1.1288000e-03
  -1.1542000e-03
  -1.1800000e-03
  -1.2110000e-03
  -1.2378000e-03
  -1.2648000e-03
  -1.2921000e-03
  -1.3196000e-03
  -1.3472000e-03
  -1.3747000e-03
  -8.8613000e-05
  -1.1082000e-04
  -1.3343000e-04
  -1.5621000e-04
  -1.7901000e-04
  -2.0172000e-04
  -2.2435000e-04
  -2.4743000e-04
  -2.7152000e-04
  -2.8943000e-04
  -3.1346000e-04
  -3.3947000e-04
  -3.6467000e-04
  -3.9328000e-04
  -4.2380000e-04
  -4.5940000e-04
  -4.8049000e-04
  -5.1451000e-04
  -5.4856000e-04
  -5.7662000e-04
  -6.0362000e-04
  -6.3269000e-04
  -6.6281000e-04
  -6.9091000e-04
  -7.1558000e-04
  -7.4682000e-04
  -7.7585000e-04
  -8.0161000e-04
  -8.3547000e-04
  -8.5960000e-04
  -8.8323000e-04
  -9.0653000e-04
  -9.2946000e-04
  -9.5232000e-04
  -9.7536000e-04
  -9.9862000e-04
  -1.0220000e-03
  -1.0459000e-03
  -1.0702000e-03
  -1.0951000e-03
  -1.1203000e-03
  -1.1505000e-03
  -1.1768000e-03
  -1.2035000e-03
  -1.2306000e-03
  -1.2579000e-03
  -1.2855000e-03
  -1.3133000e-03
  -1.3411000e-03
  -1.3690000e-03
  -1.0950000e-04
  -1.3235000e-04
  -1.5546000e-04
  -1.7862000e-04
  -2.0170000e-04
  -2.2462000e-04
  -2.4738000e-04
  -2.7073000e-04
  -2.9520000e-04
  -3.1471000e-04
  -3.3803000e-04
  -3.6143000e-04
  -3.9137000e-04
  -4.2537000e-04
  -4.5297000e-04
  -4.8380000e-04
  -5.1253000e-04
  -5.3560000e-04
  -5.6234000e-04
  -5.8158000e-04
  -6.0241000e-04
  -6.2591000e-04
  -6.5175000e-04
  -6.7266000e-04
  -7.0491000e-04
  -7.3884000e-04
  -7.5888000e-04
  -7.8714000e-04
  -8.2154000e-04
  -8.4572000e-04
  -8.6924000e-04
  -8.9260000e-04
  -9.1590000e-04
  -9.3934000e-04
  -9.6288000e-04
  -9.8669000e-04
  -1.0109000e-03
  -1.0354000e-03
  -1.0602000e-03
  -1.0855000e-03
  -1.1154000e-03
  -1.1418000e-03
  -1.1686000e-03
  -1.1957000e-03
  -1.2230000e-03
  -1.2507000e-03
  -1.2786000e-03
  -1.3066000e-03
  -1.3348000e-03
  -1.3631000e-03
  -1.3164000e-04
  -1.5521000e-04
  -1.7888000e-04
  -2.0250000e-04
  -2.2595000e-04
  -2.4919000e-04
  -2.7247000e-04
  -2.9603000e-04
  -3.2028000e-04
  -3.4035000e-04
  -3.6695000e-04
  -3.9526000e-04
  -4.1891000e-04
  -4.5352000e-04
  -4.8318000e-04
  -5.1168000e-04
  -5.4351000e-04
  -5.6396000e-04
  -5.8249000e-04
  -5.9316000e-04
  -6.0300000e-04
  -6.1535000e-04
  -6.2594000e-04
  -6.5019000e-04
  -6.7990000e-04
  -7.1487000e-04
  -7.4535000e-04
  -7.6817000e-04
  -8.0442000e-04
  -8.2915000e-04
  -8.5334000e-04
  -8.7714000e-04
  -9.0086000e-04
  -9.2473000e-04
  -9.4896000e-04
  -9.7353000e-04
  -9.9856000e-04
  -1.0239000e-03
  -1.0496000e-03
  -1.0795000e-03
  -1.1060000e-03
  -1.1329000e-03
  -1.1601000e-03
  -1.1876000e-03
  -1.2154000e-03
  -1.2434000e-03
  -1.2716000e-03
  -1.2999000e-03
  -1.3285000e-03
  -1.3571000e-03
  -1.5456000e-04
  -1.7891000e-04
  -2.0321000e-04
  -2.2734000e-04
  -2.5126000e-04
  -2.7493000e-04
  -2.9895000e-04
  -3.2372000e-04
  -3.4623000e-04
  -3.6815000e-04
  -4.0007000e-04
  -4.2637000e-04
  -4.5070000e-04
  -4.9206000e-04
  -5.2176000e-04
  -5.5629000e-04
  -5.6710000e-04
  -5.7797000e-04
  -5.8779000e-04
  -5.9743000e-04
  -6.0619000e-04
  -6.1699000e-04
  -6.2881000e-04
  -6.3859000e-04
  -6.4893000e-04
  -6.7940000e-04
  -7.1674000e-04
  -7.4280000e-04
  -7.7200000e-04
  -8.1054000e-04
  -8.3585000e-04
  -8.6037000e-04
  -8.8467000e-04
  -9.0928000e-04
  -9.3413000e-04
  -9.5960000e-04
  -9.8559000e-04
  -1.0119000e-03
  -1.0384000e-03
  -1.0694000e-03
  -1.0965000e-03
  -1.1240000e-03
  -1.1517000e-03
  -1.1796000e-03
  -1.2078000e-03
  -1.2361000e-03
  -1.2647000e-03
  -1.2934000e-03
  -1.3223000e-03
  -1.3513000e-03
  -1.7772000e-04
  -2.0290000e-04
  -2.2786000e-04
  -2.5256000e-04
  -2.7701000e-04
  -3.0121000e-04
  -3.2600000e-04
  -3.5250000e-04
  -3.7784000e-04
  -3.9665000e-04
  -4.3141000e-04
  -4.5712000e-04
  -4.8569000e-04
  -5.3078000e-04
  -5.5136000e-04
  -5.6194000e-04
  -5.7174000e-04
  -5.8144000e-04
  -5.9161000e-04
  -6.0189000e-04
  -6.1356000e-04
  -6.2157000e-04
  -6.3145000e-04
  -6.4237000e-04
  -6.5206000e-04
  -6.6260000e-04
  -6.7147000e-04
  -7.1822000e-04
  -7.4945000e-04
  -7.9032000e-04
  -8.1704000e-04
  -8.4271000e-04
  -8.6795000e-04
  -8.9342000e-04
  -9.1916000e-04
  -9.4551000e-04
  -9.7220000e-04
  -9.9933000e-04
  -1.0314000e-03
  -1.0594000e-03
  -1.0872000e-03
  -1.1153000e-03
  -1.1435000e-03
  -1.1719000e-03
  -1.2005000e-03
  -1.2292000e-03
  -1.2581000e-03
  -1.2871000e-03
  -1.3164000e-03
  -1.3458000e-03
  -2.0052000e-04
  -2.2654000e-04
  -2.5218000e-04
  -2.7749000e-04
  -3.0251000e-04
  -3.2730000e-04
  -3.5208000e-04
  -3.7919000e-04
  -4.0225000e-04
  -4.3435000e-04
  -4.5998000e-04
  -4.9113000e-04
  -5.2474000e-04
  -5.4720000e-04
  -5.5524000e-04
  -5.6516000e-04
  -5.7746000e-04
  -5.8620000e-04
  -5.9461000e-04
  -6.0410000e-04
  -6.1627000e-04
  -6.2468000e-04
  -6.3547000e-04
  -6.4542000e-04
  -6.5607000e-04
  -6.6447000e-04
  -6.7589000e-04
  -6.8484000e-04
  -7.2331000e-04
  -7.5778000e-04
  -7.8812000e-04
  -8.1510000e-04
  -8.5184000e-04
  -8.7809000e-04
  -9.0465000e-04
  -9.3174000e-04
  -9.5924000e-04
  -9.8750000e-04
  -1.0210000e-03
  -1.0499000e-03
  -1.0784000e-03
  -1.1071000e-03
  -1.1359000e-03
  -1.1647000e-03
  -1.1937000e-03
  -1.2228000e-03
  -1.2520000e-03
  -1.2814000e-03
  -1.3110000e-03
  -1.3409000e-03
  -2.2231000e-04
  -2.4917000e-04
  -2.7548000e-04
  -3.0139000e-04
  -3.2701000e-04
  -3.5240000e-04
  -3.7713000e-04
  -4.0218000e-04
  -4.3815000e-04
  -4.6425000e-04
  -4.8278000e-04
  -5.1882000e-04
  -5.4450000e-04
  -5.5277000e-04
  -5.6169000e-04
  -5.6951000e-04
  -5.8072000e-04
  -5.8941000e-04
  -5.9897000e-04
  -6.0949000e-04
  -6.1928000e-04
  -6.2995000e-04
  -6.3835000e-04
  -6.4760000e-04
  -6.5983000e-04
  -6.6848000e-04
  -6.7705000e-04
  -6.8806000e-04
  -7.0491000e-04
  -7.4680000e-04
  -7.7507000e-04
  -8.0213000e-04
  -8.2860000e-04
  -8.5507000e-04
  -8.9161000e-04
  -9.1892000e-04
  -9.4725000e-04
  -9.7653000e-04
  -1.0116000e-03
  -1.0412000e-03
  -1.0704000e-03
  -1.0997000e-03
  -1.1290000e-03
  -1.1584000e-03
  -1.1878000e-03
  -1.2172000e-03
  -1.2468000e-03
  -1.2765000e-03
  -1.3064000e-03
  -1.3367000e-03
  -2.4247000e-04
  -2.7010000e-04
  -2.9705000e-04
  -3.2354000e-04
  -3.4973000e-04
  -3.7569000e-04
  -4.0078000e-04
  -4.3598000e-04
  -4.5980000e-04
  -4.8359000e-04
  -5.0904000e-04
  -5.3900000e-04
  -5.4892000e-04
  -5.5636000e-04
  -5.6684000e-04
  -5.7464000e-04
  -5.8589000e-04
  -5.9289000e-04
  -6.0410000e-04
  -6.1414000e-04
  -6.2342000e-04
  -6.3386000e-04
  -6.4350000e-04
  -6.5269000e-04
  -6.6263000e-04
  -6.7175000e-04
  -6.8111000e-04
  -6.9220000e-04
  -7.0065000e-04
  -7.3026000e-04
  -7.5585000e-04
  -7.8121000e-04
  -8.2042000e-04
  -8.4703000e-04
  -8.7163000e-04
  -9.0689000e-04
  -9.3646000e-04
  -9.6699000e-04
  -9.9405000e-04
  -1.0245000e-03
  -1.0636000e-03
  -1.0934000e-03
  -1.1233000e-03
  -1.1530000e-03
  -1.1828000e-03
  -1.2126000e-03
  -1.2425000e-03
  -1.2725000e-03
  -1.3028000e-03
  -1.3334000e-03
  -2.6037000e-04
  -2.8871000e-04
  -3.1623000e-04
  -3.4325000e-04
  -3.6994000e-04
  -3.9640000e-04
  -4.2227000e-04
  -4.5803000e-04
  -4.7556000e-04
  -5.0714000e-04
  -5.2873000e-04
  -5.4505000e-04
  -5.5411000e-04
  -5.6327000e-04
  -5.7088000e-04
  -5.7920000e-04
  -5.9046000e-04
  -5.9926000e-04
  -6.0898000e-04
  -6.1715000e-04
  -6.2838000e-04
  -6.3635000e-04
  -6.4580000e-04
  -6.5603000e-04
  -6.6487000e-04
  -6.7609000e-04
  -6.8425000e-04
  -6.9519000e-04
  -7.0352000e-04
  -7.2049000e-04
  -7.4287000e-04
  -7.7808000e-04
  -8.0323000e-04
  -8.2988000e-04
  -8.6628000e-04
  -8.9692000e-04
  -9.2782000e-04
  -9.5641000e-04
  -9.8789000e-04
  -1.0187000e-03
  -1.0494000e-03
  -1.0885000e-03
  -1.1188000e-03
  -1.1490000e-03
  -1.1791000e-03
  -1.2092000e-03
  -1.2394000e-03
  -1.2697000e-03
  -1.3002000e-03
  -1.3311000e-03
  -2.7548000e-04
  -3.0441000e-04
  -3.3241000e-04
  -3.5987000e-04
  -3.8699000e-04
  -4.1384000e-04
  -4.4034000e-04
  -4.6658000e-04
  -4.9311000e-04
  -5.1546000e-04
  -5.4251000e-04
  -5.4892000e-04
  -5.5965000e-04
  -5.6600000e-04
  -5.7612000e-04
  -5.8541000e-04
  -5.9390000e-04
  -6.0321000e-04
  -6.1343000e-04
  -6.2034000e-04
  -6.3081000e-04
  -6.3956000e-04
  -6.4882000e-04
  -6.6016000e-04
  -6.6892000e-04
  -6.7777000e-04
  -6.8851000e-04
  -6.9698000e-04
  -7.0721000e-04
  -7.1655000e-04
  -7.3913000e-04
  -7.6579000e-04
  -7.8960000e-04
  -8.2869000e-04
  -8.5655000e-04
  -8.8517000e-04
  -9.2221000e-04
  -9.5243000e-04
  -9.8354000e-04
  -1.0149000e-03
  -1.0460000e-03
  -1.0770000e-03
  -1.1159000e-03
  -1.1464000e-03
  -1.1768000e-03
  -1.2072000e-03
  -1.2376000e-03
  -1.2681000e-03
  -1.2989000e-03
  -1.3301000e-03
  -2.8734000e-04
  -3.1672000e-04
  -3.4511000e-04
  -3.7290000e-04
  -4.0034000e-04
  -4.2746000e-04
  -4.5413000e-04
  -4.8829000e-04
  -5.1054000e-04
  -5.3178000e-04
  -5.4538000e-04
  -5.5404000e-04
  -5.6186000e-04
  -5.7245000e-04
  -5.8032000e-04
  -5.8793000e-04
  -5.9961000e-04
  -6.0763000e-04
  -6.1452000e-04
  -6.2693000e-04
  -6.3445000e-04
  -6.4332000e-04
  -6.5421000e-04
  -6.6450000e-04
  -6.7301000e-04
  -6.8350000e-04
  -6.9108000e-04
  -7.0164000e-04
  -7.0998000e-04
  -7.2066000e-04
  -7.3718000e-04
  -7.6230000e-04
  -7.9100000e-04
  -8.1641000e-04
  -8.5017000e-04
  -8.8408000e-04
  -9.1325000e-04
  -9.5015000e-04
  -9.8147000e-04
  -1.0131000e-03
  -1.0446000e-03
  -1.0759000e-03
  -1.1070000e-03
  -1.1455000e-03
  -1.1761000e-03
  -1.2067000e-03
  -1.2373000e-03
  -1.2680000e-03
  -1.2990000e-03
  -1.3305000e-03
  -2.9713000e-04
  -3.2687000e-04
  -3.5556000e-04
  -3.8362000e-04
  -4.1128000e-04
  -4.3858000e-04
  -4.6534000e-04
  -4.9632000e-04
  -5.1764000e-04
  -5.3760000e-04
  -5.5188000e-04
  -5.5985000e-04
  -5.6783000e-04
  -5.7624000e-04
  -5.8460000e-04
  -5.9370000e-04
  -6.0150000e-04
  -6.1120000e-04
  -6.1953000e-04
  -6.2814000e-04
  -6.3722000e-04
  -6.4725000e-04
  -6.5800000e-04
  -6.6615000e-04
  -6.7640000e-04
  -6.8460000e-04
  -6.9556000e-04
  -7.0392000e-04
  -7.1269000e-04
  -7.2152000e-04
  -7.3671000e-04
  -7.6091000e-04
  -7.9024000e-04
  -8.2157000e-04
  -8.5335000e-04
  -8.8555000e-04
  -9.1841000e-04
  -9.4968000e-04
  -9.8175000e-04
  -1.0137000e-03
  -1.0454000e-03
  -1.0768000e-03
  -1.1081000e-03
  -1.1468000e-03
  -1.1776000e-03
  -1.2084000e-03
  -1.2392000e-03
  -1.2701000e-03
  -1.3013000e-03
  -1.3329000e-03
  -3.0075000e-04
  -3.3059000e-04
  -3.5938000e-04
  -3.8752000e-04
  -4.1524000e-04
  -4.4256000e-04
  -4.6932000e-04
  -5.0044000e-04
  -5.2198000e-04
  -5.4219000e-04
  -5.5582000e-04
  -5.6346000e-04
  -5.7108000e-04
  -5.8083000e-04
  -5.8796000e-04
  -5.9793000e-04
  -6.0619000e-04
  -6.1366000e-04
  -6.2331000e-04
  -6.3202000e-04
  -6.4146000e-04
  -6.5351000e-04
  -6.6158000e-04
  -6.6936000e-04
  -6.8011000e-04
  -6.8897000e-04
  -6.9840000e-04
  -7.0738000e-04
  -7.1647000e-04
  -7.2566000e-04
  -7.4109000e-04
  -7.6040000e-04
  -7.9302000e-04
  -8.2249000e-04
  -8.5450000e-04
  -8.8959000e-04
  -9.1638000e-04
  -9.5319000e-04
  -9.8474000e-04
  -1.0167000e-03
  -1.0484000e-03
  -1.0799000e-03
  -1.1111000e-03
  -1.1499000e-03
  -1.1808000e-03
  -1.2116000e-03
  -1.2425000e-03
  -1.2735000e-03
  -1.3048000e-03
  -1.3366000e-03
  -3.0065000e-04
  -3.3044000e-04
  -3.5920000e-04
  -3.8731000e-04
  -4.1497000e-04
  -4.4222000e-04
  -4.6892000e-04
  -4.9531000e-04
  -5.2425000e-04
  -5.4249000e-04
  -5.5830000e-04
  -5.6673000e-04
  -5.7430000e-04
  -5.8357000e-04
  -5.9273000e-04
  -6.0190000e-04
  -6.1074000e-04
  -6.1922000e-04
  -6.2749000e-04
  -6.3767000e-04
  -6.4679000e-04
  -6.5449000e-04
  -6.6542000e-04
  -6.7495000e-04
  -6.8241000e-04
  -6.9269000e-04
  -7.0073000e-04
  -7.1229000e-04
  -7.2102000e-04
  -7.3052000e-04
  -7.4566000e-04
  -7.7238000e-04
  -7.9864000e-04
  -8.2717000e-04
  -8.6136000e-04
  -8.9483000e-04
  -9.2236000e-04
  -9.5917000e-04
  -9.9033000e-04
  -1.0221000e-03
  -1.0537000e-03
  -1.0850000e-03
  -1.1162000e-03
  -1.1549000e-03
  -1.1858000e-03
  -1.2166000e-03
  -1.2475000e-03
  -1.2786000e-03
  -1.3100000e-03
  -1.3418000e-03
  -2.9701000e-04
  -3.2660000e-04
  -3.5523000e-04
  -3.8320000e-04
  -4.1071000e-04
  -4.3779000e-04
  -4.7053000e-04
  -4.9382000e-04
  -5.1708000e-04
  -5.4026000e-04
  -5.6004000e-04
  -5.7116000e-04
  -5.7988000e-04
  -5.8890000e-04
  -5.9554000e-04
  -6.0588000e-04
  -6.1210000e-04
  -6.2423000e-04
  -6.3182000e-04
  -6.4287000e-04
  -6.5137000e-04
  -6.5898000e-04
  -6.6881000e-04
  -6.7751000e-04
  -6.8801000e-04
  -6.9660000e-04
  -7.0597000e-04
  -7.1357000e-04
  -7.2523000e-04
  -7.3467000e-04
  -7.5476000e-04
  -7.7629000e-04
  -8.1289000e-04
  -8.3623000e-04
  -8.6851000e-04
  -9.0232000e-04
  -9.3796000e-04
  -9.6775000e-04
  -9.9851000e-04
  -1.0298000e-03
  -1.0611000e-03
  -1.0922000e-03
  -1.1232000e-03
  -1.1618000e-03
  -1.1926000e-03
  -1.2234000e-03
  -1.2543000e-03
  -1.2853000e-03
  -1.3167000e-03
  -1.3485000e-03
  -2.9014000e-04
  -3.1943000e-04
  -3.4782000e-04
  -3.7558000e-04
  -4.0284000e-04
  -4.2966000e-04
  -4.6204000e-04
  -4.8256000e-04
  -5.1328000e-04
  -5.3651000e-04
  -5.5988000e-04
  -5.7328000e-04
  -5.8194000e-04
  -5.9056000e-04
  -5.9937000e-04
  -6.0813000e-04
  -6.1789000e-04
  -6.2498000e-04
  -6.3658000e-04
  -6.4611000e-04
  -6.5435000e-04
  -6.6170000e-04
  -6.7172000e-04
  -6.8160000e-04
  -6.9140000e-04
  -7.0048000e-04
  -7.1041000e-04
  -7.1804000e-04
  -7.2821000e-04
  -7.4152000e-04
  -7.6629000e-04
  -7.9629000e-04
  -8.2158000e-04
  -8.5151000e-04
  -8.8765000e-04
  -9.1250000e-04
  -9.4901000e-04
  -9.7873000e-04
  -1.0090000e-03
  -1.0398000e-03
  -1.0706000e-03
  -1.1014000e-03
  -1.1321000e-03
  -1.1704000e-03
  -1.2010000e-03
  -1.2318000e-03
  -1.2626000e-03
  -1.2936000e-03
  -1.3250000e-03
  -1.3568000e-03
  -2.8050000e-04
  -3.0938000e-04
  -3.3747000e-04
  -3.6495000e-04
  -3.9191000e-04
  -4.1828000e-04
  -4.4980000e-04
  -4.7421000e-04
  -4.9664000e-04
  -5.2458000e-04
  -5.5175000e-04
  -5.7590000e-04
  -5.8480000e-04
  -5.9478000e-04
  -6.0211000e-04
  -6.1217000e-04
  -6.2247000e-04
  -6.2888000e-04
  -6.3826000e-04
  -6.4729000e-04
  -6.5803000e-04
  -6.6494000e-04
  -6.7513000e-04
  -6.8523000e-04
  -6.9471000e-04
  -7.0394000e-04
  -7.1403000e-04
  -7.2212000e-04
  -7.3258000e-04
  -7.5797000e-04
  -7.8768000e-04
  -8.1962000e-04
  -8.4654000e-04
  -8.7381000e-04
  -9.0128000e-04
  -9.2955000e-04
  -9.6222000e-04
  -9.9189000e-04
  -1.0216000e-03
  -1.0516000e-03
  -1.0820000e-03
  -1.1123000e-03
  -1.1427000e-03
  -1.1807000e-03
  -1.2111000e-03
  -1.2417000e-03
  -1.2724000e-03
  -1.3034000e-03
  -1.3347000e-03
  -1.3664000e-03
  -2.6859000e-04
  -2.9700000e-04
  -3.2476000e-04
  -3.5194000e-04
  -3.7856000e-04
  -4.0452000e-04
  -4.3588000e-04
  -4.6027000e-04
  -4.8906000e-04
  -5.1227000e-04
  -5.3559000e-04
  -5.6586000e-04
  -5.8869000e-04
  -5.9731000e-04
  -6.0546000e-04
  -6.1580000e-04
  -6.2512000e-04
  -6.3371000e-04
  -6.4065000e-04
  -6.5119000e-04
  -6.5993000e-04
  -6.6988000e-04
  -6.7925000e-04
  -6.8880000e-04
  -6.9777000e-04
  -7.0950000e-04
  -7.1645000e-04
  -7.2794000e-04
  -7.4514000e-04
  -7.7064000e-04
  -8.0258000e-04
  -8.3474000e-04
  -8.6311000e-04
  -8.9063000e-04
  -9.1811000e-04
  -9.4599000e-04
  -9.7756000e-04
  -1.0068000e-03
  -1.0360000e-03
  -1.0652000e-03
  -1.0950000e-03
  -1.1248000e-03
  -1.1548000e-03
  -1.1924000e-03
  -1.2227000e-03
  -1.2531000e-03
  -1.2837000e-03
  -1.3145000e-03
  -1.3457000e-03
  -1.3773000e-03
  -2.5497000e-04
  -2.8291000e-04
  -3.1033000e-04
  -3.3719000e-04
  -3.6345000e-04
  -3.8915000e-04
  -4.2021000e-04
  -4.4470000e-04
  -4.6892000e-04
  -4.9357000e-04
  -5.2052000e-04
  -5.5362000e-04
  -5.8323000e-04
  -5.9961000e-04
  -6.0795000e-04
  -6.1919000e-04
  -6.2689000e-04
  -6.3618000e-04
  -6.4473000e-04
  -6.5457000e-04
  -6.6447000e-04
  -6.7390000e-04
  -6.8325000e-04
  -6.9363000e-04
  -7.0335000e-04
  -7.1174000e-04
  -7.2047000e-04
  -7.3049000e-04
  -7.7028000e-04
  -8.0466000e-04
  -8.3133000e-04
  -8.5723000e-04
  -8.8394000e-04
  -9.1059000e-04
  -9.3734000e-04
  -9.6440000e-04
  -9.9195000e-04
  -1.0231000e-03
  -1.0517000e-03
  -1.0803000e-03
  -1.1094000e-03
  -1.1387000e-03
  -1.1683000e-03
  -1.2056000e-03
  -1.2356000e-03
  -1.2658000e-03
  -1.2962000e-03
  -1.3269000e-03
  -1.3580000e-03
  -1.3895000e-03
  -2.4023000e-04
  -2.6771000e-04
  -2.9481000e-04
  -3.2135000e-04
  -3.4728000e-04
  -3.7262000e-04
  -4.0337000e-04
  -4.2793000e-04
  -4.5247000e-04
  -4.7740000e-04
  -5.0375000e-04
  -5.3132000e-04
  -5.5894000e-04
  -6.0365000e-04
  -6.1170000e-04
  -6.2111000e-04
  -6.2993000e-04
  -6.3996000e-04
  -6.4899000e-04
  -6.5774000e-04
  -6.6860000e-04
  -6.7720000e-04
  -6.8796000e-04
  -6.9552000e-04
  -7.0500000e-04
  -7.1414000e-04
  -7.2579000e-04
  -7.6881000e-04
  -8.0224000e-04
  -8.3007000e-04
  -8.5609000e-04
  -8.8138000e-04
  -9.0658000e-04
  -9.3193000e-04
  -9.5768000e-04
  -9.8382000e-04
  -1.0104000e-03
  -1.0404000e-03
  -1.0684000e-03
  -1.0964000e-03
  -1.1249000e-03
  -1.1538000e-03
  -1.1830000e-03
  -1.2198000e-03
  -1.2496000e-03
  -1.2796000e-03
  -1.3099000e-03
  -1.3405000e-03
  -1.3714000e-03
  -1.4027000e-03
  -2.2491000e-04
  -2.5202000e-04
  -2.7880000e-04
  -3.0502000e-04
  -3.3069000e-04
  -3.5577000e-04
  -3.8627000e-04
  -4.1076000e-04
  -4.3518000e-04
  -4.4918000e-04
  -4.7406000e-04
  -5.1088000e-04
  -5.3920000e-04
  -5.6090000e-04
  -5.9552000e-04
  -6.2402000e-04
  -6.3385000e-04
  -6.4274000e-04
  -6.5329000e-04
  -6.6100000e-04
  -6.7093000e-04
  -6.8185000e-04
  -6.9073000e-04
  -6.9943000e-04
  -7.0992000e-04
  -7.3144000e-04
  -7.6686000e-04
  -8.0423000e-04
  -8.3017000e-04
  -8.5591000e-04
  -8.8046000e-04
  -9.0470000e-04
  -9.2893000e-04
  -9.5339000e-04
  -9.7828000e-04
  -1.0036000e-03
  -1.0295000e-03
  -1.0584000e-03
  -1.0859000e-03
  -1.1133000e-03
  -1.1413000e-03
  -1.1698000e-03
  -1.1986000e-03
  -1.2351000e-03
  -1.2646000e-03
  -1.2944000e-03
  -1.3245000e-03
  -1.3550000e-03
  -1.3858000e-03
  -1.4169000e-03
  -2.0950000e-04
  -2.3626000e-04
  -2.6273000e-04
  -2.8875000e-04
  -3.1429000e-04
  -3.3924000e-04
  -3.6359000e-04
  -3.9392000e-04
  -4.0797000e-04
  -4.3230000e-04
  -4.5649000e-04
  -4.8092000e-04
  -5.1668000e-04
  -5.3861000e-04
  -5.7367000e-04
  -6.0116000e-04
  -6.2846000e-04
  -6.4598000e-04
  -6.5535000e-04
  -6.6488000e-04
  -6.7524000e-04
  -6.8379000e-04
  -6.9524000e-04
  -7.1776000e-04
  -7.3973000e-04
  -7.7213000e-04
  -7.9795000e-04
  -8.2150000e-04
  -8.5701000e-04
  -8.8074000e-04
  -9.0420000e-04
  -9.2738000e-04
  -9.5075000e-04
  -9.7449000e-04
  -9.9871000e-04
  -1.0234000e-03
  -1.0488000e-03
  -1.0768000e-03
  -1.1037000e-03
  -1.1307000e-03
  -1.1584000e-03
  -1.1864000e-03
  -1.2149000e-03
  -1.2511000e-03
  -1.2804000e-03
  -1.3100000e-03
  -1.3400000e-03
  -1.3703000e-03
  -1.4009000e-03
  -1.4319000e-03
  -1.9443000e-04
  -2.2080000e-04
  -2.4711000e-04
  -2.7309000e-04
  -2.9859000e-04
  -3.2352000e-04
  -3.4781000e-04
  -3.7810000e-04
  -3.9255000e-04
  -4.1688000e-04
  -4.4081000e-04
  -4.6493000e-04
  -4.9901000e-04
  -5.2451000e-04
  -5.4293000e-04
  -5.7592000e-04
  -5.9879000e-04
  -6.2558000e-04
  -6.4602000e-04
  -6.6281000e-04
  -6.7930000e-04
  -7.0192000e-04
  -7.1737000e-04
  -7.4313000e-04
  -7.7108000e-04
  -8.0142000e-04
  -8.2435000e-04
  -8.5287000e-04
  -8.8104000e-04
  -9.0339000e-04
  -9.2597000e-04
  -9.4879000e-04
  -9.7166000e-04
  -9.9490000e-04
  -1.0187000e-03
  -1.0429000e-03
  -1.0679000e-03
  -1.0954000e-03
  -1.1218000e-03
  -1.1485000e-03
  -1.1758000e-03
  -1.2036000e-03
  -1.2318000e-03
  -1.2677000e-03
  -1.2968000e-03
  -1.3263000e-03
  -1.3561000e-03
  -1.3863000e-03
  -1.4168000e-03
  -1.4475000e-03
  -1.7657000e-04
  -2.0272000e-04
  -2.2891000e-04
  -2.5488000e-04
  -2.8045000e-04
  -3.0551000e-04
  -3.3006000e-04
  -3.5429000e-04
  -3.7867000e-04
  -4.0307000e-04
  -4.2747000e-04
  -4.5179000e-04
  -4.7625000e-04
  -5.0976000e-04
  -5.3483000e-04
  -5.5683000e-04
  -5.8724000e-04
  -6.1682000e-04
  -6.4054000e-04
  -6.6068000e-04
  -6.8646000e-04
  -7.0834000e-04
  -7.4035000e-04
  -7.6114000e-04
  -7.9022000e-04
  -8.2282000e-04
  -8.4510000e-04
  -8.6878000e-04
  -9.0178000e-04
  -9.2395000e-04
  -9.4608000e-04
  -9.6855000e-04
  -9.9133000e-04
  -1.0144000e-03
  -1.0378000e-03
  -1.0619000e-03
  -1.0866000e-03
  -1.1139000e-03
  -1.1399000e-03
  -1.1665000e-03
  -1.1935000e-03
  -1.2211000e-03
  -1.2491000e-03
  -1.2890000e-03
  -1.3180000e-03
  -1.3473000e-03
  -1.3770000e-03
  -1.4070000e-03
  -1.4373000e-03
  -1.4679000e-03
  -1.6336000e-04
  -1.8944000e-04
  -2.1564000e-04
  -2.4168000e-04
  -2.6740000e-04
  -2.9269000e-04
  -3.1754000e-04
  -3.4198000e-04
  -3.6649000e-04
  -3.9128000e-04
  -4.1636000e-04
  -4.4130000e-04
  -4.6637000e-04
  -4.9221000e-04
  -5.1990000e-04
  -5.4943000e-04
  -5.7915000e-04
  -6.0854000e-04
  -6.3846000e-04
  -6.6244000e-04
  -6.9087000e-04
  -7.2520000e-04
  -7.5035000e-04
  -7.7992000e-04
  -8.0449000e-04
  -8.3620000e-04
  -8.6149000e-04
  -8.8631000e-04
  -9.1565000e-04
  -9.4234000e-04
  -9.6456000e-04
  -9.8693000e-04
  -1.0097000e-03
  -1.0328000e-03
  -1.0562000e-03
  -1.0803000e-03
  -1.1050000e-03
  -1.1321000e-03
  -1.1580000e-03
  -1.1843000e-03
  -1.2113000e-03
  -1.2387000e-03
  -1.2780000e-03
  -1.3064000e-03
  -1.3353000e-03
  -1.3645000e-03
  -1.3941000e-03
  -1.4240000e-03
  -1.4542000e-03
  -1.4847000e-03
  -1.5127000e-04
  -1.7737000e-04
  -2.0364000e-04
  -2.2984000e-04
  -2.5578000e-04
  -2.8139000e-04
  -3.0664000e-04
  -3.3157000e-04
  -3.5648000e-04
  -3.8175000e-04
  -4.0750000e-04
  -4.3332000e-04
  -4.5916000e-04
  -4.8569000e-04
  -5.1321000e-04
  -5.4999000e-04
  -5.7319000e-04
  -6.0391000e-04
  -6.3441000e-04
  -6.6461000e-04
  -7.0202000e-04
  -7.3042000e-04
  -7.6144000e-04
  -7.8908000e-04
  -8.2083000e-04
  -8.4791000e-04
  -8.7440000e-04
  -9.0041000e-04
  -9.3144000e-04
  -9.5485000e-04
  -9.8152000e-04
  -1.0042000e-03
  -1.0271000e-03
  -1.0502000e-03
  -1.0737000e-03
  -1.0979000e-03
  -1.1245000e-03
  -1.1499000e-03
  -1.1757000e-03
  -1.2021000e-03
  -1.2290000e-03
  -1.2677000e-03
  -1.2956000e-03
  -1.3240000e-03
  -1.3528000e-03
  -1.3820000e-03
  -1.4115000e-03
  -1.4414000e-03
  -1.4715000e-03
  -1.5017000e-03
  -1.4035000e-04
  -1.6656000e-04
  -1.9298000e-04
  -2.1938000e-04
  -2.4562000e-04
  -2.7160000e-04
  -2.9733000e-04
  -3.2283000e-04
  -3.4827000e-04
  -3.7412000e-04
  -4.0057000e-04
  -4.2727000e-04
  -4.5409000e-04
  -4.8138000e-04
  -5.0951000e-04
  -5.4674000e-04
  -5.7736000e-04
  -6.0159000e-04
  -6.4237000e-04
  -6.7412000e-04
  -7.0493000e-04
  -7.3728000e-04
  -7.6742000e-04
  -7.9671000e-04
  -8.2924000e-04
  -8.5748000e-04
  -8.8506000e-04
  -9.1889000e-04
  -9.4465000e-04
  -9.6923000e-04
  -9.9644000e-04
  -1.0199000e-03
  -1.0431000e-03
  -1.0665000e-03
  -1.0903000e-03
  -1.1145000e-03
  -1.1416000e-03
  -1.1672000e-03
  -1.1932000e-03
  -1.2196000e-03
  -1.2577000e-03
  -1.2853000e-03
  -1.3133000e-03
  -1.3417000e-03
  -1.3705000e-03
  -1.3996000e-03
  -1.4291000e-03
  -1.4589000e-03
  -1.4889000e-03
  -1.5191000e-03
  -1.3061000e-04
  -1.5700000e-04
  -1.8363000e-04
  -2.1029000e-04
  -2.3685000e-04
  -2.6326000e-04
  -2.8950000e-04
  -3.1561000e-04
  -3.4168000e-04
  -3.6811000e-04
  -3.9528000e-04
  -4.2281000e-04
  -4.5073000e-04
  -4.7893000e-04
  -5.0777000e-04
  -5.4512000e-04
  -5.7593000e-04
  -6.0770000e-04
  -6.4227000e-04
  -6.6988000e-04
  -7.1092000e-04
  -7.4163000e-04
  -7.7235000e-04
  -8.0571000e-04
  -8.3637000e-04
  -8.6568000e-04
  -8.9442000e-04
  -9.2928000e-04
  -9.5591000e-04
  -9.8147000e-04
  -1.0091000e-03
  -1.0334000e-03
  -1.0574000e-03
  -1.0813000e-03
  -1.1056000e-03
  -1.1304000e-03
  -1.1580000e-03
  -1.1839000e-03
  -1.2101000e-03
  -1.2478000e-03
  -1.2750000e-03
  -1.3028000e-03
  -1.3309000e-03
  -1.3593000e-03
  -1.3881000e-03
  -1.4173000e-03
  -1.4468000e-03
  -1.4765000e-03
  -1.5065000e-03
  -1.5365000e-03
  -1.2196000e-04
  -1.4861000e-04
  -1.7549000e-04
  -2.0245000e-04
  -2.2938000e-04
  -2.5623000e-04
  -2.8301000e-04
  -3.0975000e-04
  -3.3652000e-04
  -3.6353000e-04
  -3.9125000e-04
  -4.1970000e-04
  -4.4858000e-04
  -4.7751000e-04
  -5.1453000e-04
  -5.4486000e-04
  -5.7577000e-04
  -6.0747000e-04
  -6.3979000e-04
  -6.8162000e-04
  -7.1744000e-04
  -7.4360000e-04
  -7.7897000e-04
  -8.1182000e-04
  -8.4265000e-04
  -8.7297000e-04
  -9.0248000e-04
  -9.3816000e-04
  -9.6546000e-04
  -9.9181000e-04
  -1.0198000e-03
  -1.0451000e-03
  -1.0699000e-03
  -1.0946000e-03
  -1.1199000e-03
  -1.1456000e-03
  -1.1716000e-03
  -1.2004000e-03
  -1.2378000e-03
  -1.2649000e-03
  -1.2923000e-03
  -1.3202000e-03
  -1.3484000e-03
  -1.3770000e-03
  -1.4058000e-03
  -1.4350000e-03
  -1.4645000e-03
  -1.4942000e-03
  -1.5241000e-03
  -1.5541000e-03
  -1.1431000e-04
  -1.4127000e-04
  -1.6844000e-04
  -1.9573000e-04
  -2.2304000e-04
  -2.5035000e-04
  -2.7766000e-04
  -3.0503000e-04
  -3.3250000e-04
  -3.6019000e-04
  -3.8845000e-04
  -4.1742000e-04
  -4.4704000e-04
  -4.8428000e-04
  -5.1471000e-04
  -5.5354000e-04
  -5.8555000e-04
  -6.1846000e-04
  -6.5198000e-04
  -6.8570000e-04
  -7.1988000e-04
  -7.5461000e-04
  -7.8857000e-04
  -8.2333000e-04
  -8.4720000e-04
  -8.8718000e-04
  -9.1752000e-04
  -9.4687000e-04
  -9.7518000e-04
  -1.0025000e-03
  -1.0292000e-03
  -1.0556000e-03
  -1.0816000e-03
  -1.1076000e-03
  -1.1339000e-03
  -1.1604000e-03
  -1.1870000e-03
  -1.2244000e-03
  -1.2543000e-03
  -1.2817000e-03
  -1.3095000e-03
  -1.3375000e-03
  -1.3659000e-03
  -1.3946000e-03
  -1.4235000e-03
  -1.4528000e-03
  -1.4823000e-03
  -1.5120000e-03
  -1.5419000e-03
  -1.5718000e-03
  -1.0751000e-04
  -1.3481000e-04
  -1.6231000e-04
  -1.8993000e-04
  -2.1764000e-04
  -2.4541000e-04
  -2.7326000e-04
  -3.0122000e-04
  -3.2937000e-04
  -3.5779000e-04
  -3.8662000e-04
  -4.2327000e-04
  -4.5349000e-04
  -4.8413000e-04
  -5.1555000e-04
  -5.5518000e-04
  -5.8803000e-04
  -6.2147000e-04
  -6.5534000e-04
  -6.8945000e-04
  -7.2365000e-04
  -7.5803000e-04
  -7.9186000e-04
  -8.2581000e-04
  -8.5910000e-04
  -8.9128000e-04
  -9.2244000e-04
  -9.5268000e-04
  -9.8201000e-04
  -1.0106000e-03
  -1.0385000e-03
  -1.0660000e-03
  -1.0933000e-03
  -1.1205000e-03
  -1.1477000e-03
  -1.1748000e-03
  -1.2125000e-03
  -1.2400000e-03
  -1.2676000e-03
  -1.2983000e-03
  -1.3264000e-03
  -1.3547000e-03
  -1.3833000e-03
  -1.4121000e-03
  -1.4412000e-03
  -1.4705000e-03
  -1.5001000e-03
  -1.5298000e-03
  -1.5597000e-03
  -1.5896000e-03
  -1.0139000e-04
  -1.2906000e-04
  -1.5690000e-04
  -1.8487000e-04
  -2.1297000e-04
  -2.4119000e-04
  -2.6956000e-04
  -2.9811000e-04
  -3.2690000e-04
  -3.5601000e-04
  -3.8550000e-04
  -4.2305000e-04
  -4.5387000e-04
  -4.8530000e-04
  -5.1737000e-04
  -5.5769000e-04
  -5.9101000e-04
  -6.2484000e-04
  -6.5905000e-04
  -6.9350000e-04
  -7.2802000e-04
  -7.6243000e-04
  -7.9656000e-04
  -8.3031000e-04
  -8.6362000e-04
  -8.9631000e-04
  -9.2808000e-04
  -9.5911000e-04
  -9.8942000e-04
  -1.0192000e-03
  -1.0481000e-03
  -1.0768000e-03
  -1.1051000e-03
  -1.1332000e-03
  -1.1611000e-03
  -1.1995000e-03
  -1.2274000e-03
  -1.2555000e-03
  -1.2836000e-03
  -1.3148000e-03
  -1.3432000e-03
  -1.3718000e-03
  -1.4006000e-03
  -1.4296000e-03
  -1.4589000e-03
  -1.4883000e-03
  -1.5179000e-03
  -1.5476000e-03
  -1.5775000e-03
  -1.6074000e-03
  -9.5757000e-05
  -1.2381000e-04
  -1.5199000e-04
  -1.8032000e-04
  -2.0881000e-04
  -2.3747000e-04
  -2.6634000e-04
  -2.9545000e-04
  -3.2485000e-04
  -3.5460000e-04
  -3.9227000e-04
  -4.2320000e-04
  -4.5467000e-04
  -4.8672000e-04
  -5.1936000e-04
  -5.5257000e-04
  -5.9407000e-04
  -6.2829000e-04
  -6.6285000e-04
  -6.9762000e-04
  -7.3245000e-04
  -7.6718000e-04
  -8.0167000e-04
  -8.3578000e-04
  -8.6940000e-04
  -9.0244000e-04
  -9.3485000e-04
  -9.6662000e-04
  -9.9775000e-04
  -1.0283000e-03
  -1.0583000e-03
  -1.0878000e-03
  -1.1170000e-03
  -1.1458000e-03
  -1.1850000e-03
  -1.2137000e-03
  -1.2423000e-03
  -1.2708000e-03
  -1.2995000e-03
  -1.3282000e-03
  -1.3570000e-03
  -1.3889000e-03
  -1.4179000e-03
  -1.4471000e-03
  -1.4765000e-03
  -1.5060000e-03
  -1.5357000e-03
  -1.5655000e-03
  -1.5954000e-03
  -1.6253000e-03
  -9.0421000e-05
  -1.1885000e-04
  -1.4738000e-04
  -1.7606000e-04
  -2.0493000e-04
  -2.3402000e-04
  -2.6337000e-04
  -2.9301000e-04
  -3.3011000e-04
  -3.6073000e-04
  -3.9180000e-04
  -4.2336000e-04
  -4.5545000e-04
  -4.8809000e-04
  -5.2128000e-04
  -5.5501000e-04
  -5.8922000e-04
  -6.3172000e-04
  -6.6664000e-04
  -7.0176000e-04
  -7.3693000e-04
  -7.7202000e-04
  -8.0690000e-04
  -8.4145000e-04
  -8.7556000e-04
  -9.0916000e-04
  -9.4219000e-04
  -9.7464000e-04
  -1.0065000e-03
  -1.0378000e-03
  -1.0686000e-03
  -1.0989000e-03
  -1.1289000e-03
  -1.1691000e-03
  -1.1986000e-03
  -1.2279000e-03
  -1.2571000e-03
  -1.2862000e-03
  -1.3154000e-03
  -1.3445000e-03
  -1.3737000e-03
  -1.4029000e-03
  -1.4353000e-03
  -1.4647000e-03
  -1.4942000e-03
  -1.5238000e-03
  -1.5536000e-03
  -1.5834000e-03
  -1.6133000e-03
  -1.6433000e-03
  -8.5185000e-05
  -1.1398000e-04
  -1.4285000e-04
  -1.7187000e-04
  -2.0110000e-04
  -2.3060000e-04
  -2.6041000e-04
  -2.9056000e-04
  -3.2830000e-04
  -3.5950000e-04
  -3.9117000e-04
  -4.2333000e-04
  -4.5602000e-04
  -4.8924000e-04
  -5.2299000e-04
  -5.5724000e-04
  -5.9194000e-04
  -6.2703000e-04
  -6.7038000e-04
  -7.0590000e-04
  -7.4146000e-04
  -7.7697000e-04
  -8.1229000e-04
  -8.4731000e-04
  -8.8196000e-04
  -9.1614000e-04
  -9.4981000e-04
  -9.8295000e-04
  -1.0155000e-03
  -1.0476000e-03
  -1.0792000e-03
  -1.1103000e-03
  -1.1517000e-03
  -1.1822000e-03
  -1.2124000e-03
  -1.2423000e-03
  -1.2721000e-03
  -1.3018000e-03
  -1.3314000e-03
  -1.3609000e-03
  -1.3905000e-03
  -1.4200000e-03
  -1.4496000e-03
  -1.4823000e-03
  -1.5120000e-03
  -1.5417000e-03
  -1.5715000e-03
  -1.6014000e-03
  -1.6313000e-03
  -1.6613000e-03
  -7.8495000e-05
  -1.0771000e-04
  -1.3697000e-04
  -1.6639000e-04
  -1.9606000e-04
  -2.2605000e-04
  -2.5639000e-04
  -2.9488000e-04
  -3.2616000e-04
  -3.5791000e-04
  -3.9015000e-04
  -4.2291000e-04
  -4.5619000e-04
  -4.9000000e-04
  -5.2433000e-04
  -5.5914000e-04
  -5.9438000e-04
  -6.2999000e-04
  -6.6589000e-04
  -7.1102000e-04
  -7.4720000e-04
  -7.8333000e-04
  -8.1931000e-04
  -8.5504000e-04
  -8.9043000e-04
  -9.2541000e-04
  -9.5992000e-04
  -9.9395000e-04
  -1.0275000e-03
  -1.0605000e-03
  -1.0930000e-03
  -1.1330000e-03
  -1.1645000e-03
  -1.1957000e-03
  -1.2265000e-03
  -1.2571000e-03
  -1.2874000e-03
  -1.3176000e-03
  -1.3476000e-03
  -1.3776000e-03
  -1.4075000e-03
  -1.4373000e-03
  -1.4672000e-03
  -1.5045000e-03
  -1.5343000e-03
  -1.5642000e-03
  -1.5941000e-03
  -1.6240000e-03
  -1.6540000e-03
  -1.6840000e-03
  -7.2818000e-05
  -1.0233000e-04
  -1.3186000e-04
  -1.6157000e-04
  -1.9156000e-04
  -2.2191000e-04
  -2.5265000e-04
  -2.9170000e-04
  -3.2347000e-04
  -3.5574000e-04
  -3.8854000e-04
  -4.2188000e-04
  -4.5577000e-04
  -4.9019000e-04
  -5.2513000e-04
  -5.6055000e-04
  -5.9641000e-04
  -6.3263000e-04
  -6.6914000e-04
  -7.1503000e-04
  -7.5183000e-04
  -7.8859000e-04
  -8.2521000e-04
  -8.6161000e-04
  -8.9769000e-04
  -9.3338000e-04
  -9.6864000e-04
  -1.0034000e-03
  -1.0377000e-03
  -1.0714000e-03
  -1.1047000e-03
  -1.1456000e-03
  -1.1778000e-03
  -1.2097000e-03
  -1.2411000e-03
  -1.2723000e-03
  -1.3031000e-03
  -1.3338000e-03
  -1.3642000e-03
  -1.3945000e-03
  -1.4247000e-03
  -1.4548000e-03
  -1.4849000e-03
  -1.5224000e-03
  -1.5523000e-03
  -1.5823000e-03
  -1.6123000e-03
  -1.6422000e-03
  -1.6722000e-03
  -1.7022000e-03
  -6.6701000e-05
  -9.6445000e-05
  -1.2621000e-04
  -1.5618000e-04
  -1.8646000e-04
  -2.1712000e-04
  -2.4822000e-04
  -2.8777000e-04
  -3.1999000e-04
  -3.5276000e-04
  -3.8610000e-04
  -4.2002000e-04
  -4.5452000e-04
  -4.8960000e-04
  -5.2522000e-04
  -5.6134000e-04
  -5.9791000e-04
  -6.3486000e-04
  -6.7210000e-04
  -7.1892000e-04
  -7.5648000e-04
  -7.9402000e-04
  -8.3142000e-04
  -8.6861000e-04
  -9.0549000e-04
  -9.4200000e-04
  -9.7806000e-04
  -1.0136000e-03
  -1.0487000e-03
  -1.0832000e-03
  -1.1173000e-03
  -1.1591000e-03
  -1.1920000e-03
  -1.2244000e-03
  -1.2564000e-03
  -1.2881000e-03
  -1.3194000e-03
  -1.3504000e-03
  -1.3813000e-03
  -1.4119000e-03
  -1.4423000e-03
  -1.4726000e-03
  -1.5028000e-03
  -1.5405000e-03
  -1.5705000e-03
  -1.6006000e-03
  -1.6306000e-03
  -1.6606000e-03
  -1.6906000e-03
  -1.7206000e-03
  -6.0050000e-05
  -8.9963000e-05
  -1.1992000e-04
  -1.5009000e-04
  -1.8059000e-04
  -2.1150000e-04
  -2.4288000e-04
  -2.8285000e-04
  -3.1547000e-04
  -3.4870000e-04
  -3.8256000e-04
  -4.1707000e-04
  -4.5222000e-04
  -4.8800000e-04
  -5.2438000e-04
  -5.6130000e-04
  -5.9872000e-04
  -6.3654000e-04
  -6.7468000e-04
  -7.2266000e-04
  -7.6116000e-04
  -7.9964000e-04
  -8.3800000e-04
  -8.7614000e-04
  -9.1396000e-04
  -9.5139000e-04
  -9.8835000e-04
  -1.0248000e-03
  -1.0607000e-03
  -1.0961000e-03
  -1.1308000e-03
  -1.1735000e-03
  -1.2070000e-03
  -1.2400000e-03
  -1.2726000e-03
  -1.3047000e-03
  -1.3364000e-03
  -1.3677000e-03
  -1.3988000e-03
  -1.4296000e-03
  -1.4603000e-03
  -1.4907000e-03
  -1.5210000e-03
  -1.5588000e-03
  -1.5889000e-03
  -1.6190000e-03
  -1.6490000e-03
  -1.6790000e-03
  -1.7090000e-03
  -1.7391000e-03
  -5.2846000e-05
  -8.2853000e-05
  -1.1292000e-04
  -1.4321000e-04
  -1.7383000e-04
  -2.0488000e-04
  -2.3644000e-04
  -2.7670000e-04
  -3.0964000e-04
  -3.4327000e-04
  -3.7764000e-04
  -4.1274000e-04
  -4.4858000e-04
  -4.8514000e-04
  -5.2237000e-04
  -5.6024000e-04
  -5.9866000e-04
  -6.3754000e-04
  -6.7679000e-04
  -7.2620000e-04
  -7.6585000e-04
  -8.0550000e-04
  -8.4502000e-04
  -8.8430000e-04
  -9.2323000e-04
  -9.6173000e-04
  -9.9972000e-04
  -1.0371000e-03
  -1.0739000e-03
  -1.1101000e-03
  -1.1456000e-03
  -1.1891000e-03
  -1.2232000e-03
  -1.2567000e-03
  -1.2897000e-03
  -1.3222000e-03
  -1.3542000e-03
  -1.3858000e-03
  -1.4170000e-03
  -1.4480000e-03
  -1.4787000e-03
  -1.5092000e-03
  -1.5396000e-03
  -1.5773000e-03
  -1.6075000e-03
  -1.6375000e-03
  -1.6676000e-03
  -1.6976000e-03
  -1.7276000e-03
  -1.7576000e-03
  -4.5184000e-05
  -7.5204000e-05
  -1.0528000e-04
  -1.3553000e-04
  -1.6610000e-04
  -1.9710000e-04
  -2.2866000e-04
  -2.6904000e-04
  -3.0219000e-04
  -3.3616000e-04
  -3.7098000e-04
  -4.0669000e-04
  -4.4326000e-04
  -4.8069000e-04
  -5.1892000e-04
  -5.5789000e-04
  -5.9752000e-04
  -6.3769000e-04
  -6.7830000e-04
  -7.2947000e-04
  -7.7057000e-04
  -8.1165000e-04
  -8.5258000e-04
  -8.9324000e-04
  -9.3349000e-04
  -9.7324000e-04
  -1.0124000e-03
  -1.0509000e-03
  -1.0887000e-03
  -1.1257000e-03
  -1.1620000e-03
  -1.2062000e-03
  -1.2408000e-03
  -1.2748000e-03
  -1.3081000e-03
  -1.3407000e-03
  -1.3729000e-03
  -1.4046000e-03
  -1.4359000e-03
  -1.4669000e-03
  -1.4976000e-03
  -1.5281000e-03
  -1.5584000e-03
  -1.5961000e-03
  -1.6262000e-03
  -1.6562000e-03
  -1.6862000e-03
  -1.7162000e-03
  -1.7462000e-03
  -1.7762000e-03
  -3.7323000e-05
  -6.7290000e-05
  -9.7164000e-05
  -1.2710000e-04
  -1.5731000e-04
  -1.8798000e-04
  -2.1930000e-04
  -2.5954000e-04
  -2.9276000e-04
  -3.2696000e-04
  -3.6220000e-04
  -3.9851000e-04
  -4.3588000e-04
  -4.7428000e-04
  -5.1367000e-04
  -5.5396000e-04
  -5.9504000e-04
  -6.3680000e-04
  -6.7908000e-04
  -7.3243000e-04
  -7.7530000e-04
  -8.1815000e-04
  -8.6082000e-04
  -9.0315000e-04
  -9.4498000e-04
  -9.8620000e-04
  -1.0267000e-03
  -1.0664000e-03
  -1.1052000e-03
  -1.1431000e-03
  -1.1801000e-03
  -1.2251000e-03
  -1.2601000e-03
  -1.2944000e-03
  -1.3278000e-03
  -1.3606000e-03
  -1.3928000e-03
  -1.4245000e-03
  -1.4557000e-03
  -1.4866000e-03
  -1.5171000e-03
  -1.5474000e-03
  -1.5776000e-03
  -1.6151000e-03
  -1.6450000e-03
  -1.6749000e-03
  -1.7049000e-03
  -1.7348000e-03
  -1.7648000e-03
  -1.7948000e-03
