   0.0000000e+00
   0.0000000e+00
   0.0000000e+00
   0.0000000e+00
   0.0000000e+00
   0.0000000e+00
   0.0000000e+00
   0.0000000e+00
   0.0000000e+00
   0.0000000e+00
   0.0000000e+00
   0.0000000e+00
   0.0000000e+00
   0.0000000e+00
   0.0000000e+00
   0.0000000e+00
   0.0000000e+00
   0.0000000e+00
   0.0000000e+00
   0.0000000e+00
   0.0000000e+00
   0.0000000e+00
   0.0000000e+00
   0.0000000e+00
   0.0000000e+00
   0.0000000e+00
   0.0000000e+00
   0.0000000e+00
   0.0000000e+00
   0.0000000e+00
   0.0000000e+00
   0.0000000e+00
   0.0000000e+00
   0.0000000e+00
   0.0000000e+00
   0.0000000e+00
   0.0000000e+00
   0.0000000e+00
   0.0000000e+00
   0.0000000e+00
   0.0000000e+00
   0.0000000e+00
   0.0000000e+00
   0.0000000e+00
   0.0000000e+00
   0.0000000e+00
   0.0000000e+00
   0.0000000e+00
   0.0000000e+00
   0.0000000e+00
   4.3051000e-05
   4.5621000e-05
   4.7901000e-05
   4.9959000e-05
   5.1866000e-05
   5.3699000e-05
   5.5527000e-05
   5.7904000e-05
   5.9942000e-05
   6.2139000e-05
   6.4511000e-05
   6.7050000e-05
   6.9722000e-05
   7.2467000e-05
   7.5199000e-05
   7.7812000e-05
   8.0186000e-05
   8.2199000e-05
   8.3737000e-05
   8.4861000e-05
   8.5058000e-05
   8.4621000e-05
   8.3587000e-05
   8.2032000e-05
   8.0060000e-05
   7.7793000e-05
   7.5361000e-05
   7.2887000e-05
   7.0479000e-05
   6.8225000e-05
   6.6190000e-05
   6.4017000e-05
   6.2596000e-05
   6.1456000e-05
   6.0583000e-05
   5.9952000e-05
   5.9535000e-05
   5.9296000e-05
   5.9203000e-05
   5.9219000e-05
   5.9312000e-05
   5.9447000e-05
   5.9594000e-05
   5.9743000e-05
   5.9796000e-05
   5.9755000e-05
   5.9583000e-05
   5.9243000e-05
   5.8691000e-05
   5.7882000e-05
   8.6242000e-05
   9.1358000e-05
   9.5886000e-05
   9.9964000e-05
   1.0374000e-04
   1.0736000e-04
   1.1098000e-04
   1.1569000e-04
   1.1974000e-04
   1.2412000e-04
   1.2885000e-04
   1.3393000e-04
   1.3928000e-04
   1.4479000e-04
   1.5029000e-04
   1.5556000e-04
   1.6035000e-04
   1.6442000e-04
   1.6753000e-04
   1.6981000e-04
   1.7020000e-04
   1.6932000e-04
   1.6723000e-04
   1.6408000e-04
   1.6009000e-04
   1.5552000e-04
   1.5061000e-04
   1.4565000e-04
   1.4080000e-04
   1.3628000e-04
   1.3221000e-04
   1.2788000e-04
   1.2505000e-04
   1.2279000e-04
   1.2107000e-04
   1.1983000e-04
   1.1902000e-04
   1.1856000e-04
   1.1839000e-04
   1.1844000e-04
   1.1863000e-04
   1.1892000e-04
   1.1922000e-04
   1.1953000e-04
   1.1964000e-04
   1.1957000e-04
   1.1924000e-04
   1.1857000e-04
   1.1749000e-04
   1.1589000e-04
   1.2972000e-04
   1.3733000e-04
   1.4404000e-04
   1.5006000e-04
   1.5563000e-04
   1.6097000e-04
   1.6630000e-04
   1.7326000e-04
   1.7926000e-04
   1.8577000e-04
   1.9284000e-04
   2.0045000e-04
   2.0852000e-04
   2.1684000e-04
   2.2517000e-04
   2.3318000e-04
   2.4047000e-04
   2.4668000e-04
   2.5144000e-04
   2.5491000e-04
   2.5552000e-04
   2.5416000e-04
   2.5096000e-04
   2.4615000e-04
   2.4006000e-04
   2.3310000e-04
   2.2565000e-04
   2.1813000e-04
   2.1082000e-04
   2.0401000e-04
   1.9791000e-04
   1.9144000e-04
   1.8724000e-04
   1.8390000e-04
   1.8137000e-04
   1.7957000e-04
   1.7840000e-04
   1.7776000e-04
   1.7755000e-04
   1.7765000e-04
   1.7798000e-04
   1.7843000e-04
   1.7890000e-04
   1.7940000e-04
   1.7960000e-04
   1.7951000e-04
   1.7905000e-04
   1.7808000e-04
   1.7650000e-04
   1.7415000e-04
   1.7365000e-04
   1.8367000e-04
   1.9246000e-04
   2.0031000e-04
   2.0755000e-04
   2.1449000e-04
   2.2143000e-04
   2.3051000e-04
   2.3838000e-04
   2.4696000e-04
   2.5633000e-04
   2.6647000e-04
   2.7727000e-04
   2.8848000e-04
   2.9973000e-04
   3.1059000e-04
   3.2051000e-04
   3.2897000e-04
   3.3547000e-04
   3.4022000e-04
   3.4105000e-04
   3.3919000e-04
   3.3480000e-04
   3.2823000e-04
   3.1993000e-04
   3.1045000e-04
   3.0035000e-04
   2.9018000e-04
   2.8036000e-04
   2.7126000e-04
   2.6312000e-04
   2.5455000e-04
   2.4904000e-04
   2.4468000e-04
   2.4141000e-04
   2.3911000e-04
   2.3765000e-04
   2.3688000e-04
   2.3667000e-04
   2.3688000e-04
   2.3737000e-04
   2.3801000e-04
   2.3869000e-04
   2.3940000e-04
   2.3970000e-04
   2.3964000e-04
   2.3907000e-04
   2.3785000e-04
   2.3581000e-04
   2.3278000e-04
   2.1819000e-04
   2.3051000e-04
   2.4124000e-04
   2.5077000e-04
   2.5953000e-04
   2.6791000e-04
   2.7631000e-04
   2.8736000e-04
   2.9698000e-04
   3.0755000e-04
   3.1917000e-04
   3.3184000e-04
   3.4540000e-04
   3.5957000e-04
   3.7387000e-04
   3.8771000e-04
   4.0042000e-04
   4.1127000e-04
   4.1962000e-04
   4.2573000e-04
   4.2679000e-04
   4.2439000e-04
   4.1875000e-04
   4.1030000e-04
   3.9965000e-04
   3.8751000e-04
   3.7463000e-04
   3.6169000e-04
   3.4928000e-04
   3.3786000e-04
   3.2771000e-04
   3.1711000e-04
   3.1034000e-04
   3.0505000e-04
   3.0113000e-04
   2.9841000e-04
   2.9673000e-04
   2.9591000e-04
   2.9576000e-04
   2.9612000e-04
   2.9682000e-04
   2.9770000e-04
   2.9861000e-04
   2.9957000e-04
   3.0001000e-04
   3.0001000e-04
   2.9938000e-04
   2.9796000e-04
   2.9554000e-04
   2.9191000e-04
   2.6354000e-04
   2.7800000e-04
   2.9049000e-04
   3.0151000e-04
   3.1160000e-04
   3.2125000e-04
   3.3093000e-04
   3.4374000e-04
   3.5499000e-04
   3.6744000e-04
   3.8047000e-04
   3.9481000e-04
   4.1289000e-04
   4.3112000e-04
   4.4845000e-04
   4.6416000e-04
   4.7926000e-04
   4.9315000e-04
   5.0379000e-04
   5.1133000e-04
   5.1264000e-04
   5.0968000e-04
   5.0272000e-04
   4.9230000e-04
   4.9795000e-04
   4.8208000e-04
   4.6536000e-04
   4.3320000e-04
   4.1823000e-04
   4.0427000e-04
   3.9202000e-04
   3.7900000e-04
   3.7108000e-04
   3.6496000e-04
   3.6049000e-04
   3.5746000e-04
   3.5566000e-04
   3.5486000e-04
   3.5485000e-04
   3.5541000e-04
   3.5636000e-04
   3.5752000e-04
   3.5870000e-04
   3.5996000e-04
   3.6058000e-04
   3.6068000e-04
   3.6005000e-04
   3.5849000e-04
   3.5577000e-04
   3.5163000e-04
   3.2168000e-04
   3.3851000e-04
   3.5288000e-04
   3.6545000e-04
   3.7690000e-04
   3.8783000e-04
   3.9883000e-04
   3.9982000e-04
   4.1326000e-04
   4.2786000e-04
   4.4170000e-04
   4.6937000e-04
   4.8171000e-04
   5.0267000e-04
   5.2468000e-04
   5.5555000e-04
   5.5840000e-04
   5.7461000e-04
   6.0849000e-04
   6.1582000e-04
   6.1947000e-04
   6.1606000e-04
   5.8776000e-04
   5.9390000e-04
   5.7164000e-04
   5.4913000e-04
   5.3611000e-04
   5.2052000e-04
   4.8742000e-04
   4.7119000e-04
   4.5296000e-04
   4.4124000e-04
   4.3176000e-04
   4.2451000e-04
   4.1948000e-04
   4.1626000e-04
   4.1444000e-04
   4.1375000e-04
   4.1395000e-04
   4.1479000e-04
   4.1605000e-04
   4.1752000e-04
   4.1901000e-04
   4.3583000e-04
   4.3673000e-04
   4.3702000e-04
   4.3647000e-04
   4.3484000e-04
   4.3188000e-04
   4.2728000e-04
   3.6962000e-04
   3.8804000e-04
   4.0360000e-04
   4.1713000e-04
   4.2938000e-04
   4.4107000e-04
   4.5288000e-04
   4.6620000e-04
   4.7179000e-04
   4.8467000e-04
   5.0291000e-04
   5.2672000e-04
   5.4734000e-04
   5.7988000e-04
   6.0916000e-04
   6.4319000e-04
   6.5070000e-04
   6.7189000e-04
   6.8581000e-04
   6.9699000e-04
   7.0481000e-04
   6.9456000e-04
   6.9022000e-04
   6.5891000e-04
   6.5907000e-04
   6.2593000e-04
   6.0447000e-04
   5.8925000e-04
   5.5095000e-04
   5.3318000e-04
   5.1722000e-04
   5.0366000e-04
   4.9291000e-04
   4.8470000e-04
   4.7867000e-04
   4.7484000e-04
   4.7311000e-04
   4.7264000e-04
   4.7312000e-04
   4.7430000e-04
   4.7592000e-04
   4.9334000e-04
   4.9524000e-04
   4.9688000e-04
   4.9806000e-04
   4.9856000e-04
   4.9814000e-04
   4.9656000e-04
   4.9353000e-04
   4.8871000e-04
   4.1907000e-04
   4.3872000e-04
   4.5517000e-04
   4.6936000e-04
   4.8215000e-04
   4.9435000e-04
   5.0674000e-04
   5.2111000e-04
   5.3903000e-04
   5.4660000e-04
   5.6594000e-04
   5.8650000e-04
   6.2402000e-04
   6.6213000e-04
   6.9072000e-04
   7.1523000e-04
   7.4278000e-04
   7.5842000e-04
   7.7130000e-04
   7.7391000e-04
   7.8957000e-04
   7.8427000e-04
   7.5713000e-04
   7.6560000e-04
   7.3067000e-04
   6.9520000e-04
   6.8512000e-04
   6.5720000e-04
   6.1743000e-04
   5.9771000e-04
   5.8048000e-04
   5.6602000e-04
   5.5438000e-04
   5.4519000e-04
   5.3872000e-04
   5.3435000e-04
   5.3193000e-04
   5.3159000e-04
   5.3243000e-04
   5.3400000e-04
   5.5167000e-04
   5.5403000e-04
   5.5631000e-04
   5.5831000e-04
   5.5980000e-04
   5.6056000e-04
   5.6034000e-04
   5.5890000e-04
   5.5590000e-04
   5.5101000e-04
   4.7024000e-04
   4.9072000e-04
   5.0771000e-04
   5.2224000e-04
   5.3529000e-04
   5.4775000e-04
   5.6082000e-04
   5.7591000e-04
   5.8599000e-04
   6.0429000e-04
   6.2974000e-04
   6.6393000e-04
   6.8800000e-04
   7.2711000e-04
   7.6004000e-04
   7.8843000e-04
   8.1629000e-04
   8.2950000e-04
   8.4387000e-04
   8.4898000e-04
   8.5046000e-04
   8.5001000e-04
   8.5815000e-04
   8.3662000e-04
   8.0757000e-04
   7.7509000e-04
   7.5131000e-04
   7.2603000e-04
   6.8333000e-04
   6.6139000e-04
   6.4233000e-04
   6.2696000e-04
   6.1495000e-04
   6.0596000e-04
   5.9962000e-04
   5.9480000e-04
   5.9189000e-04
   5.9121000e-04
   5.9193000e-04
   6.0961000e-04
   6.1227000e-04
   6.1506000e-04
   6.1776000e-04
   6.2014000e-04
   6.2198000e-04
   6.2305000e-04
   6.2311000e-04
   6.2188000e-04
   6.1906000e-04
   6.1426000e-04
   5.2331000e-04
   5.4416000e-04
   5.6130000e-04
   5.7586000e-04
   5.8888000e-04
   6.0133000e-04
   6.1489000e-04
   6.3156000e-04
   6.4041000e-04
   6.5865000e-04
   6.9529000e-04
   7.2661000e-04
   7.5343000e-04
   8.0294000e-04
   8.3166000e-04
   8.6736000e-04
   8.6945000e-04
   8.7470000e-04
   8.6956000e-04
   8.7480000e-04
   8.7625000e-04
   8.7545000e-04
   8.8483000e-04
   8.8355000e-04
   8.9161000e-04
   8.6246000e-04
   8.2935000e-04
   7.9951000e-04
   7.7170000e-04
   7.2385000e-04
   7.0277000e-04
   6.8654000e-04
   6.7445000e-04
   6.6543000e-04
   6.5969000e-04
   6.5566000e-04
   6.5275000e-04
   6.5172000e-04
   6.5223000e-04
   6.7009000e-04
   6.7324000e-04
   6.7649000e-04
   6.7962000e-04
   6.8241000e-04
   6.8463000e-04
   6.8607000e-04
   6.8647000e-04
   6.8556000e-04
   6.8302000e-04
   6.7848000e-04
   5.7842000e-04
   5.9914000e-04
   6.1602000e-04
   6.3027000e-04
   6.4298000e-04
   6.5516000e-04
   6.6868000e-04
   6.8668000e-04
   7.0619000e-04
   7.1332000e-04
   7.5464000e-04
   7.8574000e-04
   8.2088000e-04
   8.7445000e-04
   8.8834000e-04
   8.9542000e-04
   8.9723000e-04
   8.9436000e-04
   8.9557000e-04
   9.0001000e-04
   9.0352000e-04
   9.0843000e-04
   9.1071000e-04
   9.1191000e-04
   9.1448000e-04
   9.2089000e-04
   9.2625000e-04
   8.6765000e-04
   8.3731000e-04
   7.8571000e-04
   7.6223000e-04
   7.4472000e-04
   7.3236000e-04
   7.2374000e-04
   7.1861000e-04
   7.1549000e-04
   7.1414000e-04
   7.1350000e-04
   7.2866000e-04
   7.3097000e-04
   7.3462000e-04
   7.3835000e-04
   7.4192000e-04
   7.4514000e-04
   7.4778000e-04
   7.4962000e-04
   7.5043000e-04
   7.4992000e-04
   7.4780000e-04
   7.4369000e-04
   6.3566000e-04
   6.5569000e-04
   6.7190000e-04
   6.8551000e-04
   6.9762000e-04
   7.0926000e-04
   7.2160000e-04
   7.3985000e-04
   7.4975000e-04
   7.8537000e-04
   8.1119000e-04
   8.5148000e-04
   8.9047000e-04
   9.1912000e-04
   9.1382000e-04
   9.1974000e-04
   9.2408000e-04
   9.2147000e-04
   9.2184000e-04
   9.2572000e-04
   9.2947000e-04
   9.2921000e-04
   9.3713000e-04
   9.3907000e-04
   9.4516000e-04
   9.4289000e-04
   9.4908000e-04
   9.5792000e-04
   9.0890000e-04
   8.6928000e-04
   8.3873000e-04
   8.1885000e-04
   7.8859000e-04
   7.8072000e-04
   7.7665000e-04
   7.7498000e-04
   7.7487000e-04
   7.7469000e-04
   7.8985000e-04
   7.9230000e-04
   7.9646000e-04
   8.0066000e-04
   8.0469000e-04
   8.0835000e-04
   8.1143000e-04
   8.1372000e-04
   8.1499000e-04
   8.1498000e-04
   8.1340000e-04
   8.0989000e-04
   6.9503000e-04
   7.1383000e-04
   7.2895000e-04
   7.4160000e-04
   7.5282000e-04
   7.6365000e-04
   7.7497000e-04
   7.8170000e-04
   8.1637000e-04
   8.4098000e-04
   8.5875000e-04
   9.0743000e-04
   9.4445000e-04
   9.4330000e-04
   9.4542000e-04
   9.4380000e-04
   9.4660000e-04
   9.4908000e-04
   9.4893000e-04
   9.5365000e-04
   9.5723000e-04
   9.5824000e-04
   9.6178000e-04
   9.6515000e-04
   9.6849000e-04
   9.7540000e-04
   9.7826000e-04
   9.8059000e-04
   9.7042000e-04
   9.1883000e-04
   8.9069000e-04
   8.7187000e-04
   8.5980000e-04
   8.5181000e-04
   8.3361000e-04
   8.3418000e-04
   8.3509000e-04
   8.3563000e-04
   8.5108000e-04
   8.5409000e-04
   8.5876000e-04
   8.6344000e-04
   8.6793000e-04
   8.7204000e-04
   8.7558000e-04
   8.7835000e-04
   8.8014000e-04
   8.8071000e-04
   8.7979000e-04
   8.7704000e-04
   7.5646000e-04
   7.7348000e-04
   7.8713000e-04
   7.9849000e-04
   8.0855000e-04
   8.1828000e-04
   8.2865000e-04
   8.5615000e-04
   8.6372000e-04
   8.8640000e-04
   9.1795000e-04
   9.6156000e-04
   9.6457000e-04
   9.6620000e-04
   9.6667000e-04
   9.6691000e-04
   9.7197000e-04
   9.7313000e-04
   9.7448000e-04
   9.8049000e-04
   9.8379000e-04
   9.8258000e-04
   9.8924000e-04
   9.9045000e-04
   9.9616000e-04
   9.9867000e-04
   1.0030000e-03
   1.0076000e-03
   1.0127000e-03
   9.7654000e-04
   9.4779000e-04
   9.2909000e-04
   9.1302000e-04
   9.0838000e-04
   8.9920000e-04
   8.9470000e-04
   8.9568000e-04
   8.9605000e-04
   9.2710000e-04
   9.3069000e-04
   9.2153000e-04
   9.2668000e-04
   9.3163000e-04
   9.3619000e-04
   9.4020000e-04
   9.4349000e-04
   9.4585000e-04
   9.4708000e-04
   9.4693000e-04
   9.4509000e-04
   8.1978000e-04
   8.3454000e-04
   8.4634000e-04
   8.5614000e-04
   8.6478000e-04
   8.7310000e-04
   8.8222000e-04
   9.0739000e-04
   9.0853000e-04
   9.3789000e-04
   9.6724000e-04
   9.8775000e-04
   9.9285000e-04
   9.9144000e-04
   9.9418000e-04
   9.9439000e-04
   1.0001000e-03
   9.9926000e-04
   1.0032000e-03
   1.0021000e-03
   1.0084000e-03
   1.0069000e-03
   1.0150000e-03
   1.0186000e-03
   1.0194000e-03
   1.0241000e-03
   1.0264000e-03
   1.0332000e-03
   1.0395000e-03
   1.0259000e-03
   9.9866000e-04
   9.7584000e-04
   9.6813000e-04
   9.6350000e-04
   9.6501000e-04
   9.5751000e-04
   9.5648000e-04
   9.8613000e-04
   9.8839000e-04
   9.9337000e-04
   9.9916000e-04
   9.9036000e-04
   9.9575000e-04
   1.0008000e-03
   1.0053000e-03
   1.0091000e-03
   1.0121000e-03
   1.0140000e-03
   1.0148000e-03
   1.0140000e-03
   8.8474000e-04
   8.9681000e-04
   9.0647000e-04
   9.1445000e-04
   9.2142000e-04
   9.2806000e-04
   9.3516000e-04
   9.4363000e-04
   9.5705000e-04
   9.7370000e-04
   1.0101000e-03
   1.0104000e-03
   1.0154000e-03
   1.0175000e-03
   1.0193000e-03
   1.0225000e-03
   1.0203000e-03
   1.0252000e-03
   1.0319000e-03
   1.0298000e-03
   1.0306000e-03
   1.0321000e-03
   1.0391000e-03
   1.0394000e-03
   1.0461000e-03
   1.0505000e-03
   1.0569000e-03
   1.0570000e-03
   1.0637000e-03
   1.0675000e-03
   1.0494000e-03
   1.0257000e-03
   1.0206000e-03
   1.0173000e-03
   1.0274000e-03
   1.0230000e-03
   1.0182000e-03
   1.0460000e-03
   1.0504000e-03
   1.0564000e-03
   1.0627000e-03
   1.0690000e-03
   1.0603000e-03
   1.0657000e-03
   1.0708000e-03
   1.0751000e-03
   1.0788000e-03
   1.0815000e-03
   1.0832000e-03
   1.0836000e-03
   9.5103000e-04
   9.6008000e-04
   9.6735000e-04
   9.7331000e-04
   9.7842000e-04
   9.8312000e-04
   9.8796000e-04
   1.0073000e-03
   1.0141000e-03
   1.0172000e-03
   1.0330000e-03
   1.0379000e-03
   1.0380000e-03
   1.0448000e-03
   1.0429000e-03
   1.0411000e-03
   1.0457000e-03
   1.0531000e-03
   1.0499000e-03
   1.0611000e-03
   1.0557000e-03
   1.0629000e-03
   1.0643000e-03
   1.0706000e-03
   1.0735000e-03
   1.0773000e-03
   1.0805000e-03
   1.0877000e-03
   1.0869000e-03
   1.0992000e-03
   1.0882000e-03
   1.0821000e-03
   1.0702000e-03
   1.0719000e-03
   1.0862000e-03
   1.0886000e-03
   1.0883000e-03
   1.1071000e-03
   1.1131000e-03
   1.1198000e-03
   1.1266000e-03
   1.1333000e-03
   1.1398000e-03
   1.1311000e-03
   1.1366000e-03
   1.1416000e-03
   1.1459000e-03
   1.1495000e-03
   1.1522000e-03
   1.1538000e-03
   1.0352000e-03
   1.0402000e-03
   1.0442000e-03
   1.0475000e-03
   1.0501000e-03
   1.0521000e-03
   1.0537000e-03
   1.0560000e-03
   1.0581000e-03
   1.0517000e-03
   1.0629000e-03
   1.0649000e-03
   1.0669000e-03
   1.0694000e-03
   1.0686000e-03
   1.0738000e-03
   1.0691000e-03
   1.0764000e-03
   1.0760000e-03
   1.0783000e-03
   1.0806000e-03
   1.0882000e-03
   1.0944000e-03
   1.0935000e-03
   1.0964000e-03
   1.1013000e-03
   1.1062000e-03
   1.1118000e-03
   1.1142000e-03
   1.1169000e-03
   1.1248000e-03
   1.1259000e-03
   1.1312000e-03
   1.1385000e-03
   1.1438000e-03
   1.1487000e-03
   1.1602000e-03
   1.1685000e-03
   1.1760000e-03
   1.1834000e-03
   1.1907000e-03
   1.1979000e-03
   1.2048000e-03
   1.2130000e-03
   1.2192000e-03
   1.2250000e-03
   1.2303000e-03
   1.2350000e-03
   1.2390000e-03
   1.2423000e-03
   1.1030000e-03
   1.1047000e-03
   1.1061000e-03
   1.1072000e-03
   1.1076000e-03
   1.1074000e-03
   1.1063000e-03
   1.1044000e-03
   1.1017000e-03
   1.0863000e-03
   1.0862000e-03
   1.0861000e-03
   1.0860000e-03
   1.0943000e-03
   1.0922000e-03
   1.0965000e-03
   1.0970000e-03
   1.0941000e-03
   1.0993000e-03
   1.1037000e-03
   1.1110000e-03
   1.1141000e-03
   1.1163000e-03
   1.1174000e-03
   1.1238000e-03
   1.1284000e-03
   1.1318000e-03
   1.1360000e-03
   1.1408000e-03
   1.1467000e-03
   1.1598000e-03
   1.1670000e-03
   1.1788000e-03
   1.1903000e-03
   1.2012000e-03
   1.2101000e-03
   1.2197000e-03
   1.2308000e-03
   1.2390000e-03
   1.2471000e-03
   1.2549000e-03
   1.2626000e-03
   1.2700000e-03
   1.2788000e-03
   1.2856000e-03
   1.2920000e-03
   1.2980000e-03
   1.3036000e-03
   1.3088000e-03
   1.3135000e-03
   1.1709000e-03
   1.1693000e-03
   1.1682000e-03
   1.1670000e-03
   1.1653000e-03
   1.1629000e-03
   1.1592000e-03
   1.1537000e-03
   1.1439000e-03
   1.1321000e-03
   1.1102000e-03
   1.1129000e-03
   1.1109000e-03
   1.1156000e-03
   1.1202000e-03
   1.1205000e-03
   1.1237000e-03
   1.1271000e-03
   1.1288000e-03
   1.1299000e-03
   1.1372000e-03
   1.1315000e-03
   1.1403000e-03
   1.1429000e-03
   1.1440000e-03
   1.1522000e-03
   1.1542000e-03
   1.1654000e-03
   1.1637000e-03
   1.1721000e-03
   1.1953000e-03
   1.2210000e-03
   1.2291000e-03
   1.2431000e-03
   1.2526000e-03
   1.2697000e-03
   1.2808000e-03
   1.2930000e-03
   1.3021000e-03
   1.3107000e-03
   1.3191000e-03
   1.3273000e-03
   1.3352000e-03
   1.3447000e-03
   1.3521000e-03
   1.3592000e-03
   1.3660000e-03
   1.3725000e-03
   1.3788000e-03
   1.3849000e-03
   1.2384000e-03
   1.2338000e-03
   1.2302000e-03
   1.2268000e-03
   1.2232000e-03
   1.2186000e-03
   1.2112000e-03
   1.2037000e-03
   1.1893000e-03
   1.1706000e-03
   1.1411000e-03
   1.1340000e-03
   1.1378000e-03
   1.1410000e-03
   1.1387000e-03
   1.1443000e-03
   1.1453000e-03
   1.1494000e-03
   1.1526000e-03
   1.1557000e-03
   1.1619000e-03
   1.1634000e-03
   1.1623000e-03
   1.1712000e-03
   1.1778000e-03
   1.1764000e-03
   1.1821000e-03
   1.1847000e-03
   1.1920000e-03
   1.1979000e-03
   1.2367000e-03
   1.2590000e-03
   1.2934000e-03
   1.2956000e-03
   1.3102000e-03
   1.3278000e-03
   1.3437000e-03
   1.3548000e-03
   1.3649000e-03
   1.3743000e-03
   1.3833000e-03
   1.3920000e-03
   1.4004000e-03
   1.4107000e-03
   1.4186000e-03
   1.4264000e-03
   1.4340000e-03
   1.4415000e-03
   1.4489000e-03
   1.4563000e-03
   1.3052000e-03
   1.2979000e-03
   1.2920000e-03
   1.2866000e-03
   1.2811000e-03
   1.2746000e-03
   1.2650000e-03
   1.2508000e-03
   1.2321000e-03
   1.2100000e-03
   1.1751000e-03
   1.1589000e-03
   1.1610000e-03
   1.1626000e-03
   1.1674000e-03
   1.1657000e-03
   1.1702000e-03
   1.1734000e-03
   1.1785000e-03
   1.1815000e-03
   1.1826000e-03
   1.1825000e-03
   1.1920000e-03
   1.1959000e-03
   1.2030000e-03
   1.2031000e-03
   1.2076000e-03
   1.2152000e-03
   1.2202000e-03
   1.2337000e-03
   1.2804000e-03
   1.3157000e-03
   1.3410000e-03
   1.3513000e-03
   1.3840000e-03
   1.3849000e-03
   1.4030000e-03
   1.4160000e-03
   1.4275000e-03
   1.4376000e-03
   1.4473000e-03
   1.4566000e-03
   1.4656000e-03
   1.4766000e-03
   1.4851000e-03
   1.4936000e-03
   1.5020000e-03
   1.5104000e-03
   1.5189000e-03
   1.5277000e-03
   1.3709000e-03
   1.3613000e-03
   1.3534000e-03
   1.3462000e-03
   1.3390000e-03
   1.3308000e-03
   1.3181000e-03
   1.3013000e-03
   1.2937000e-03
   1.2591000e-03
   1.2218000e-03
   1.1861000e-03
   1.1855000e-03
   1.1883000e-03
   1.1884000e-03
   1.1946000e-03
   1.1979000e-03
   1.1984000e-03
   1.2023000e-03
   1.2067000e-03
   1.2110000e-03
   1.2107000e-03
   1.2121000e-03
   1.2227000e-03
   1.2250000e-03
   1.2309000e-03
   1.2354000e-03
   1.2399000e-03
   1.2471000e-03
   1.2862000e-03
   1.3381000e-03
   1.3752000e-03
   1.4012000e-03
   1.4221000e-03
   1.4394000e-03
   1.4558000e-03
   1.4616000e-03
   1.4766000e-03
   1.4895000e-03
   1.5007000e-03
   1.5111000e-03
   1.5210000e-03
   1.5306000e-03
   1.5423000e-03
   1.5516000e-03
   1.5608000e-03
   1.5700000e-03
   1.5793000e-03
   1.5889000e-03
   1.5989000e-03
   1.4355000e-03
   1.4240000e-03
   1.4144000e-03
   1.4056000e-03
   1.3969000e-03
   1.3873000e-03
   1.3717000e-03
   1.3548000e-03
   1.3310000e-03
   1.3079000e-03
   1.2866000e-03
   1.2381000e-03
   1.2112000e-03
   1.2151000e-03
   1.2167000e-03
   1.2208000e-03
   1.2204000e-03
   1.2238000e-03
   1.2248000e-03
   1.2308000e-03
   1.2317000e-03
   1.2367000e-03
   1.2398000e-03
   1.2449000e-03
   1.2451000e-03
   1.2578000e-03
   1.2577000e-03
   1.2646000e-03
   1.2904000e-03
   1.3269000e-03
   1.3798000e-03
   1.4228000e-03
   1.4527000e-03
   1.4760000e-03
   1.4953000e-03
   1.5128000e-03
   1.5199000e-03
   1.5368000e-03
   1.5512000e-03
   1.5635000e-03
   1.5746000e-03
   1.5852000e-03
   1.5954000e-03
   1.6080000e-03
   1.6179000e-03
   1.6278000e-03
   1.6378000e-03
   1.6481000e-03
   1.6587000e-03
   1.6699000e-03
   1.4988000e-03
   1.4859000e-03
   1.4749000e-03
   1.4648000e-03
   1.4548000e-03
   1.4440000e-03
   1.4267000e-03
   1.4089000e-03
   1.3883000e-03
   1.3636000e-03
   1.3309000e-03
   1.2850000e-03
   1.2510000e-03
   1.2396000e-03
   1.2402000e-03
   1.2441000e-03
   1.2454000e-03
   1.2472000e-03
   1.2519000e-03
   1.2540000e-03
   1.2571000e-03
   1.2612000e-03
   1.2662000e-03
   1.2725000e-03
   1.2755000e-03
   1.2767000e-03
   1.2855000e-03
   1.2904000e-03
   1.3504000e-03
   1.4057000e-03
   1.4447000e-03
   1.4778000e-03
   1.5072000e-03
   1.5317000e-03
   1.5523000e-03
   1.5706000e-03
   1.5886000e-03
   1.5963000e-03
   1.6125000e-03
   1.6260000e-03
   1.6378000e-03
   1.6491000e-03
   1.6601000e-03
   1.6735000e-03
   1.6841000e-03
   1.6948000e-03
   1.7056000e-03
   1.7167000e-03
   1.7282000e-03
   1.7405000e-03
   1.5608000e-03
   1.5469000e-03
   1.5348000e-03
   1.5237000e-03
   1.5127000e-03
   1.5010000e-03
   1.4827000e-03
   1.4638000e-03
   1.4418000e-03
   1.4164000e-03
   1.3854000e-03
   1.3509000e-03
   1.3189000e-03
   1.2620000e-03
   1.2649000e-03
   1.2700000e-03
   1.2721000e-03
   1.2736000e-03
   1.2726000e-03
   1.2777000e-03
   1.2823000e-03
   1.2836000e-03
   1.2919000e-03
   1.2935000e-03
   1.3004000e-03
   1.3026000e-03
   1.3079000e-03
   1.3701000e-03
   1.4212000e-03
   1.4642000e-03
   1.5021000e-03
   1.5352000e-03
   1.5639000e-03
   1.5885000e-03
   1.6100000e-03
   1.6288000e-03
   1.6473000e-03
   1.6560000e-03
   1.6737000e-03
   1.6882000e-03
   1.7008000e-03
   1.7128000e-03
   1.7245000e-03
   1.7388000e-03
   1.7501000e-03
   1.7615000e-03
   1.7731000e-03
   1.7850000e-03
   1.7975000e-03
   1.8107000e-03
   1.6216000e-03
   1.6070000e-03
   1.5942000e-03
   1.5825000e-03
   1.5708000e-03
   1.5582000e-03
   1.5394000e-03
   1.5198000e-03
   1.4976000e-03
   1.4932000e-03
   1.4657000e-03
   1.4125000e-03
   1.3786000e-03
   1.3559000e-03
   1.3235000e-03
   1.2976000e-03
   1.2988000e-03
   1.2982000e-03
   1.3025000e-03
   1.3020000e-03
   1.3061000e-03
   1.3135000e-03
   1.3179000e-03
   1.3203000e-03
   1.3267000e-03
   1.3448000e-03
   1.3939000e-03
   1.4477000e-03
   1.4858000e-03
   1.5248000e-03
   1.5601000e-03
   1.5922000e-03
   1.6206000e-03
   1.6456000e-03
   1.6676000e-03
   1.6874000e-03
   1.7067000e-03
   1.7164000e-03
   1.7351000e-03
   1.7502000e-03
   1.7636000e-03
   1.7763000e-03
   1.7887000e-03
   1.8039000e-03
   1.8160000e-03
   1.8281000e-03
   1.8404000e-03
   1.8531000e-03
   1.8664000e-03
   1.8805000e-03
   1.6813000e-03
   1.6666000e-03
   1.6536000e-03
   1.6414000e-03
   1.6289000e-03
   1.6156000e-03
   1.6008000e-03
   1.5771000e-03
   1.5750000e-03
   1.5506000e-03
   1.5247000e-03
   1.4967000e-03
   1.4455000e-03
   1.4251000e-03
   1.3851000e-03
   1.3575000e-03
   1.3306000e-03
   1.3238000e-03
   1.3259000e-03
   1.3320000e-03
   1.3300000e-03
   1.3312000e-03
   1.3434000e-03
   1.3690000e-03
   1.3837000e-03
   1.4260000e-03
   1.4650000e-03
   1.4948000e-03
   1.5519000e-03
   1.5867000e-03
   1.6198000e-03
   1.6502000e-03
   1.6779000e-03
   1.7029000e-03
   1.7255000e-03
   1.7461000e-03
   1.7668000e-03
   1.7773000e-03
   1.7964000e-03
   1.8120000e-03
   1.8261000e-03
   1.8397000e-03
   1.8528000e-03
   1.8689000e-03
   1.8817000e-03
   1.8945000e-03
   1.9076000e-03
   1.9210000e-03
   1.9350000e-03
   1.9499000e-03
   1.7401000e-03
   1.7260000e-03
   1.7129000e-03
   1.7001000e-03
   1.6871000e-03
   1.6733000e-03
   1.6584000e-03
   1.6353000e-03
   1.6336000e-03
   1.6095000e-03
   1.5846000e-03
   1.5581000e-03
   1.5097000e-03
   1.4843000e-03
   1.4701000e-03
   1.4277000e-03
   1.4181000e-03
   1.3901000e-03
   1.3795000e-03
   1.3860000e-03
   1.3864000e-03
   1.4008000e-03
   1.4007000e-03
   1.4322000e-03
   1.4676000e-03
   1.5005000e-03
   1.5363000e-03
   1.5715000e-03
   1.6184000e-03
   1.6492000e-03
   1.6799000e-03
   1.7093000e-03
   1.7362000e-03
   1.7609000e-03
   1.7837000e-03
   1.8054000e-03
   1.8275000e-03
   1.8389000e-03
   1.8578000e-03
   1.8737000e-03
   1.8886000e-03
   1.9029000e-03
   1.9168000e-03
   1.9338000e-03
   1.9472000e-03
   1.9608000e-03
   1.9745000e-03
   1.9886000e-03
   2.0033000e-03
   2.0188000e-03
   1.8127000e-03
   1.7993000e-03
   1.7864000e-03
   1.7735000e-03
   1.7601000e-03
   1.7459000e-03
   1.7305000e-03
   1.7134000e-03
   1.6930000e-03
   1.6699000e-03
   1.6451000e-03
   1.6198000e-03
   1.5945000e-03
   1.5512000e-03
   1.5357000e-03
   1.5160000e-03
   1.4857000e-03
   1.4571000e-03
   1.4657000e-03
   1.4567000e-03
   1.4676000e-03
   1.4635000e-03
   1.4943000e-03
   1.4954000e-03
   1.5339000e-03
   1.5704000e-03
   1.6056000e-03
   1.6334000e-03
   1.6850000e-03
   1.7132000e-03
   1.7413000e-03
   1.7690000e-03
   1.7953000e-03
   1.8198000e-03
   1.8427000e-03
   1.8658000e-03
   1.8887000e-03
   1.9004000e-03
   1.9189000e-03
   1.9354000e-03
   1.9510000e-03
   1.9660000e-03
   1.9806000e-03
   2.0147000e-03
   2.0290000e-03
   2.0433000e-03
   2.0579000e-03
   2.0727000e-03
   2.0881000e-03
   2.1043000e-03
   1.8703000e-03
   1.8578000e-03
   1.8452000e-03
   1.8323000e-03
   1.8189000e-03
   1.8046000e-03
   1.7891000e-03
   1.7723000e-03
   1.7531000e-03
   1.7311000e-03
   1.7067000e-03
   1.6823000e-03
   1.6581000e-03
   1.6352000e-03
   1.6127000e-03
   1.5858000e-03
   1.5694000e-03
   1.5570000e-03
   1.5335000e-03
   1.5328000e-03
   1.5330000e-03
   1.5590000e-03
   1.5577000e-03
   1.5917000e-03
   1.5996000e-03
   1.6502000e-03
   1.6742000e-03
   1.7019000e-03
   1.7360000e-03
   1.7788000e-03
   1.8046000e-03
   1.8302000e-03
   1.8555000e-03
   1.8796000e-03
   1.9030000e-03
   1.9270000e-03
   1.9506000e-03
   1.9617000e-03
   1.9801000e-03
   1.9972000e-03
   2.0135000e-03
   2.0292000e-03
   2.0642000e-03
   2.0793000e-03
   2.0943000e-03
   2.1093000e-03
   2.1244000e-03
   2.1398000e-03
   2.1557000e-03
   2.1722000e-03
   1.9279000e-03
   1.9162000e-03
   1.9041000e-03
   1.8915000e-03
   1.8781000e-03
   1.8638000e-03
   1.8484000e-03
   1.8317000e-03
   1.8134000e-03
   1.7928000e-03
   1.7691000e-03
   1.7454000e-03
   1.7226000e-03
   1.7009000e-03
   1.6822000e-03
   1.6528000e-03
   1.6353000e-03
   1.6227000e-03
   1.6148000e-03
   1.6212000e-03
   1.6279000e-03
   1.6230000e-03
   1.6536000e-03
   1.6566000e-03
   1.6997000e-03
   1.7178000e-03
   1.7419000e-03
   1.7695000e-03
   1.8038000e-03
   1.8292000e-03
   1.8699000e-03
   1.8936000e-03
   1.9173000e-03
   1.9408000e-03
   1.9644000e-03
   1.9887000e-03
   2.0021000e-03
   2.0227000e-03
   2.0414000e-03
   2.0590000e-03
   2.0760000e-03
   2.1122000e-03
   2.1283000e-03
   2.1440000e-03
   2.1595000e-03
   2.1751000e-03
   2.1908000e-03
   2.2067000e-03
   2.2230000e-03
   2.2398000e-03
   1.9855000e-03
   1.9748000e-03
   1.9633000e-03
   1.9510000e-03
   1.9377000e-03
   1.9236000e-03
   1.9083000e-03
   1.8920000e-03
   1.8743000e-03
   1.8547000e-03
   1.8325000e-03
   1.8098000e-03
   1.7882000e-03
   1.7676000e-03
   1.7507000e-03
   1.7204000e-03
   1.7177000e-03
   1.7035000e-03
   1.6988000e-03
   1.6994000e-03
   1.6918000e-03
   1.7187000e-03
   1.7181000e-03
   1.7222000e-03
   1.7673000e-03
   1.7858000e-03
   1.8096000e-03
   1.8436000e-03
   1.8701000e-03
   1.8951000e-03
   1.9350000e-03
   1.9582000e-03
   1.9805000e-03
   2.0034000e-03
   2.0268000e-03
   2.0507000e-03
   2.0633000e-03
   2.0838000e-03
   2.1029000e-03
   2.1211000e-03
   2.1586000e-03
   2.1757000e-03
   2.1923000e-03
   2.2086000e-03
   2.2248000e-03
   2.2409000e-03
   2.2570000e-03
   2.2733000e-03
   2.2900000e-03
   2.3072000e-03
   2.0435000e-03
   2.0337000e-03
   2.0228000e-03
   2.0109000e-03
   1.9979000e-03
   1.9840000e-03
   1.9690000e-03
   1.9530000e-03
   1.9360000e-03
   1.9176000e-03
   1.8971000e-03
   1.8754000e-03
   1.8546000e-03
   1.8357000e-03
   1.8196000e-03
   1.7889000e-03
   1.7837000e-03
   1.7824000e-03
   1.7637000e-03
   1.7676000e-03
   1.7844000e-03
   1.7827000e-03
   1.7829000e-03
   1.8202000e-03
   1.8352000e-03
   1.8544000e-03
   1.8780000e-03
   1.9101000e-03
   1.9354000e-03
   1.9595000e-03
   1.9986000e-03
   2.0212000e-03
   2.0436000e-03
   2.0662000e-03
   2.0897000e-03
   2.1129000e-03
   2.1242000e-03
   2.1446000e-03
   2.1643000e-03
   2.2031000e-03
   2.2213000e-03
   2.2394000e-03
   2.2565000e-03
   2.2734000e-03
   2.2900000e-03
   2.3066000e-03
   2.3232000e-03
   2.3399000e-03
   2.3569000e-03
   2.3742000e-03
   2.1020000e-03
   2.0931000e-03
   2.0828000e-03
   2.0713000e-03
   2.0587000e-03
   2.0450000e-03
   2.0304000e-03
   2.0147000e-03
   1.9983000e-03
   1.9810000e-03
   1.9621000e-03
   1.9418000e-03
   1.9221000e-03
   1.9049000e-03
   1.9043000e-03
   1.8583000e-03
   1.8519000e-03
   1.8482000e-03
   1.8439000e-03
   1.8532000e-03
   1.8595000e-03
   1.8478000e-03
   1.8856000e-03
   1.8852000e-03
   1.9031000e-03
   1.9228000e-03
   1.9451000e-03
   1.9752000e-03
   1.9991000e-03
   2.0225000e-03
   2.0608000e-03
   2.0835000e-03
   2.1060000e-03
   2.1288000e-03
   2.1520000e-03
   2.1748000e-03
   2.1965000e-03
   2.2068000e-03
   2.2472000e-03
   2.2664000e-03
   2.2850000e-03
   2.3033000e-03
   2.3209000e-03
   2.3382000e-03
   2.3553000e-03
   2.3723000e-03
   2.3893000e-03
   2.4064000e-03
   2.4236000e-03
   2.4411000e-03
   2.1612000e-03
   2.1531000e-03
   2.1434000e-03
   2.1323000e-03
   2.1200000e-03
   2.1067000e-03
   2.0924000e-03
   2.0772000e-03
   2.0613000e-03
   2.0449000e-03
   2.0275000e-03
   2.0092000e-03
   1.9908000e-03
   1.9888000e-03
   1.9758000e-03
   1.9446000e-03
   1.9367000e-03
   1.9314000e-03
   1.9279000e-03
   1.9259000e-03
   1.9295000e-03
   1.9360000e-03
   1.9463000e-03
   1.9705000e-03
   1.9690000e-03
   2.0096000e-03
   2.0314000e-03
   2.0540000e-03
   2.0771000e-03
   2.0998000e-03
   2.1222000e-03
   2.1450000e-03
   2.1680000e-03
   2.1910000e-03
   2.2143000e-03
   2.2370000e-03
   2.2589000e-03
   2.3009000e-03
   2.3104000e-03
   2.3299000e-03
   2.3488000e-03
   2.3674000e-03
   2.3854000e-03
   2.4032000e-03
   2.4207000e-03
   2.4380000e-03
   2.4554000e-03
   2.4727000e-03
   2.4902000e-03
   2.5078000e-03
   2.2211000e-03
   2.2137000e-03
   2.2045000e-03
   2.1939000e-03
   2.1820000e-03
   2.1690000e-03
   2.1551000e-03
   2.1404000e-03
   2.1251000e-03
   2.1093000e-03
   2.0932000e-03
   2.0895000e-03
   2.0739000e-03
   2.0602000e-03
   2.0475000e-03
   2.0166000e-03
   2.0079000e-03
   2.0022000e-03
   1.9993000e-03
   1.9994000e-03
   2.0031000e-03
   2.0096000e-03
   2.0200000e-03
   2.0364000e-03
   2.0547000e-03
   2.0741000e-03
   2.0948000e-03
   2.1166000e-03
   2.1390000e-03
   2.1616000e-03
   2.1840000e-03
   2.2072000e-03
   2.2305000e-03
   2.2540000e-03
   2.2772000e-03
   2.2998000e-03
   2.3429000e-03
   2.3641000e-03
   2.3847000e-03
   2.3936000e-03
   2.4129000e-03
   2.4317000e-03
   2.4501000e-03
   2.4683000e-03
   2.4861000e-03
   2.5038000e-03
   2.5215000e-03
   2.5391000e-03
   2.5567000e-03
   2.5745000e-03
   2.2819000e-03
   2.2750000e-03
   2.2663000e-03
   2.2560000e-03
   2.2445000e-03
   2.2319000e-03
   2.2184000e-03
   2.2042000e-03
   2.1894000e-03
   2.1743000e-03
   2.1591000e-03
   2.1571000e-03
   2.1430000e-03
   2.1297000e-03
   2.1179000e-03
   2.0877000e-03
   2.0800000e-03
   2.0747000e-03
   2.0723000e-03
   2.0729000e-03
   2.0766000e-03
   2.0834000e-03
   2.0932000e-03
   2.1061000e-03
   2.1221000e-03
   2.1404000e-03
   2.1597000e-03
   2.1805000e-03
   2.2023000e-03
   2.2250000e-03
   2.2476000e-03
   2.2710000e-03
   2.2945000e-03
   2.3178000e-03
   2.3407000e-03
   2.3847000e-03
   2.4065000e-03
   2.4278000e-03
   2.4486000e-03
   2.4577000e-03
   2.4772000e-03
   2.4964000e-03
   2.5151000e-03
   2.5335000e-03
   2.5517000e-03
   2.5697000e-03
   2.5876000e-03
   2.6054000e-03
   2.6233000e-03
   2.6411000e-03
   2.3436000e-03
   2.3371000e-03
   2.3287000e-03
   2.3188000e-03
   2.3077000e-03
   2.2954000e-03
   2.2823000e-03
   2.2686000e-03
   2.2543000e-03
   2.2398000e-03
   2.2384000e-03
   2.2244000e-03
   2.2111000e-03
   2.1987000e-03
   2.1877000e-03
   2.1783000e-03
   2.1516000e-03
   2.1470000e-03
   2.1450000e-03
   2.1458000e-03
   2.1494000e-03
   2.1560000e-03
   2.1654000e-03
   2.1775000e-03
   2.1920000e-03
   2.2087000e-03
   2.2272000e-03
   2.2472000e-03
   2.2685000e-03
   2.2906000e-03
   2.3132000e-03
   2.3362000e-03
   2.3593000e-03
   2.3822000e-03
   2.4267000e-03
   2.4489000e-03
   2.4707000e-03
   2.4921000e-03
   2.5130000e-03
   2.5333000e-03
   2.5533000e-03
   2.5613000e-03
   2.5803000e-03
   2.5990000e-03
   2.6174000e-03
   2.6357000e-03
   2.6538000e-03
   2.6718000e-03
   2.6898000e-03
   2.7077000e-03
   2.4063000e-03
   2.4000000e-03
   2.3919000e-03
   2.3822000e-03
   2.3714000e-03
   2.3595000e-03
   2.3468000e-03
   2.3335000e-03
   2.3327000e-03
   2.3189000e-03
   2.3052000e-03
   2.2919000e-03
   2.2793000e-03
   2.2677000e-03
   2.2574000e-03
   2.2488000e-03
   2.2420000e-03
   2.2187000e-03
   2.2171000e-03
   2.2181000e-03
   2.2217000e-03
   2.2281000e-03
   2.2372000e-03
   2.2487000e-03
   2.2626000e-03
   2.2786000e-03
   2.2963000e-03
   2.3156000e-03
   2.3361000e-03
   2.3575000e-03
   2.3795000e-03
   2.4020000e-03
   2.4246000e-03
   2.4692000e-03
   2.4916000e-03
   2.5137000e-03
   2.5355000e-03
   2.5569000e-03
   2.5778000e-03
   2.5983000e-03
   2.6184000e-03
   2.6381000e-03
   2.6458000e-03
   2.6647000e-03
   2.6833000e-03
   2.7017000e-03
   2.7200000e-03
   2.7382000e-03
   2.7563000e-03
   2.7743000e-03
   2.4698000e-03
   2.4636000e-03
   2.4556000e-03
   2.4462000e-03
   2.4357000e-03
   2.4241000e-03
   2.4118000e-03
   2.3989000e-03
   2.3989000e-03
   2.3856000e-03
   2.3725000e-03
   2.3598000e-03
   2.3478000e-03
   2.3368000e-03
   2.3271000e-03
   2.3190000e-03
   2.3128000e-03
   2.3086000e-03
   2.2888000e-03
   2.2899000e-03
   2.2935000e-03
   2.2998000e-03
   2.3085000e-03
   2.3197000e-03
   2.3330000e-03
   2.3484000e-03
   2.3655000e-03
   2.3841000e-03
   2.4040000e-03
   2.4248000e-03
   2.4463000e-03
   2.4683000e-03
   2.5127000e-03
   2.5349000e-03
   2.5571000e-03
   2.5791000e-03
   2.6008000e-03
   2.6221000e-03
   2.6431000e-03
   2.6637000e-03
   2.6838000e-03
   2.7036000e-03
   2.7231000e-03
   2.7305000e-03
   2.7493000e-03
   2.7679000e-03
   2.7863000e-03
   2.8046000e-03
   2.8228000e-03
   2.8410000e-03
   2.5505000e-03
   2.5441000e-03
   2.5362000e-03
   2.5271000e-03
   2.5168000e-03
   2.5057000e-03
   2.4938000e-03
   2.4782000e-03
   2.4654000e-03
   2.4526000e-03
   2.4400000e-03
   2.4278000e-03
   2.4164000e-03
   2.4060000e-03
   2.3968000e-03
   2.3892000e-03
   2.3834000e-03
   2.3795000e-03
   2.3779000e-03
   2.3791000e-03
   2.3828000e-03
   2.3889000e-03
   2.3973000e-03
   2.4080000e-03
   2.4209000e-03
   2.4356000e-03
   2.4521000e-03
   2.4701000e-03
   2.4893000e-03
   2.5094000e-03
   2.5304000e-03
   2.5573000e-03
   2.5792000e-03
   2.6012000e-03
   2.6231000e-03
   2.6449000e-03
   2.6665000e-03
   2.6878000e-03
   2.7088000e-03
   2.7294000e-03
   2.7496000e-03
   2.7695000e-03
   2.7891000e-03
   2.8131000e-03
   2.8320000e-03
   2.8508000e-03
   2.8693000e-03
   2.8877000e-03
   2.9061000e-03
   2.9243000e-03
   2.6158000e-03
   2.6092000e-03
   2.6013000e-03
   2.5923000e-03
   2.5823000e-03
   2.5714000e-03
   2.5599000e-03
   2.5448000e-03
   2.5324000e-03
   2.5200000e-03
   2.5078000e-03
   2.4961000e-03
   2.4852000e-03
   2.4752000e-03
   2.4665000e-03
   2.4593000e-03
   2.4538000e-03
   2.4503000e-03
   2.4488000e-03
   2.4502000e-03
   2.4539000e-03
   2.4599000e-03
   2.4681000e-03
   2.4786000e-03
   2.4911000e-03
   2.5054000e-03
   2.5215000e-03
   2.5390000e-03
   2.5578000e-03
   2.5776000e-03
   2.5981000e-03
   2.6246000e-03
   2.6461000e-03
   2.6679000e-03
   2.6896000e-03
   2.7113000e-03
   2.7328000e-03
   2.7540000e-03
   2.7749000e-03
   2.7955000e-03
   2.8158000e-03
   2.8357000e-03
   2.8553000e-03
   2.8794000e-03
   2.8984000e-03
   2.9172000e-03
   2.9358000e-03
   2.9543000e-03
   2.9727000e-03
   2.9910000e-03
   2.6818000e-03
   2.6749000e-03
   2.6669000e-03
   2.6580000e-03
   2.6482000e-03
   2.6376000e-03
   2.6264000e-03
   2.6117000e-03
   2.5997000e-03
   2.5877000e-03
   2.5759000e-03
   2.5647000e-03
   2.5541000e-03
   2.5445000e-03
   2.5362000e-03
   2.5293000e-03
   2.5242000e-03
   2.5209000e-03
   2.5197000e-03
   2.5211000e-03
   2.5248000e-03
   2.5307000e-03
   2.5388000e-03
   2.5491000e-03
   2.5613000e-03
   2.5754000e-03
   2.5911000e-03
   2.6082000e-03
   2.6266000e-03
   2.6460000e-03
   2.6662000e-03
   2.6923000e-03
   2.7135000e-03
   2.7350000e-03
   2.7566000e-03
   2.7780000e-03
   2.7994000e-03
   2.8205000e-03
   2.8414000e-03
   2.8619000e-03
   2.8821000e-03
   2.9021000e-03
   2.9217000e-03
   2.9458000e-03
   2.9649000e-03
   2.9837000e-03
   3.0024000e-03
   3.0209000e-03
   3.0394000e-03
   3.0578000e-03
   2.7483000e-03
   2.7410000e-03
   2.7330000e-03
   2.7242000e-03
   2.7145000e-03
   2.7042000e-03
   2.6933000e-03
   2.6790000e-03
   2.6674000e-03
   2.6557000e-03
   2.6443000e-03
   2.6334000e-03
   2.6232000e-03
   2.6140000e-03
   2.6060000e-03
   2.5995000e-03
   2.5946000e-03
   2.5916000e-03
   2.5905000e-03
   2.5921000e-03
   2.5958000e-03
   2.6016000e-03
   2.6096000e-03
   2.6197000e-03
   2.6317000e-03
   2.6454000e-03
   2.6608000e-03
   2.6777000e-03
   2.6957000e-03
   2.7148000e-03
   2.7346000e-03
   2.7603000e-03
   2.7813000e-03
   2.8026000e-03
   2.8239000e-03
   2.8452000e-03
   2.8664000e-03
   2.8874000e-03
   2.9081000e-03
   2.9286000e-03
   2.9488000e-03
   2.9687000e-03
   2.9883000e-03
   3.0124000e-03
   3.0314000e-03
   3.0503000e-03
   3.0690000e-03
   3.0875000e-03
   3.1060000e-03
   3.1245000e-03
   2.8150000e-03
   2.8074000e-03
   2.7994000e-03
   2.7906000e-03
   2.7812000e-03
   2.7711000e-03
   2.7605000e-03
   2.7466000e-03
   2.7353000e-03
   2.7240000e-03
   2.7130000e-03
   2.7024000e-03
   2.6926000e-03
   2.6838000e-03
   2.6761000e-03
   2.6699000e-03
   2.6652000e-03
   2.6624000e-03
   2.6615000e-03
   2.6632000e-03
   2.6669000e-03
   2.6727000e-03
   2.6806000e-03
   2.6905000e-03
   2.7023000e-03
   2.7158000e-03
   2.7309000e-03
   2.7474000e-03
   2.7652000e-03
   2.7839000e-03
   2.8034000e-03
   2.8287000e-03
   2.8495000e-03
   2.8704000e-03
   2.8915000e-03
   2.9126000e-03
   2.9336000e-03
   2.9545000e-03
   2.9751000e-03
   2.9955000e-03
   3.0156000e-03
   3.0354000e-03
   3.0549000e-03
   3.0790000e-03
   3.0981000e-03
   3.1169000e-03
   3.1356000e-03
   3.1542000e-03
   3.1727000e-03
   3.1913000e-03
   2.8818000e-03
   2.8740000e-03
   2.8660000e-03
   2.8574000e-03
   2.8481000e-03
   2.8383000e-03
   2.8279000e-03
   2.8144000e-03
   2.8035000e-03
   2.7925000e-03
   2.7819000e-03
   2.7717000e-03
   2.7623000e-03
   2.7538000e-03
   2.7465000e-03
   2.7406000e-03
   2.7362000e-03
   2.7336000e-03
   2.7328000e-03
   2.7346000e-03
   2.7384000e-03
   2.7441000e-03
   2.7519000e-03
   2.7617000e-03
   2.7732000e-03
   2.7865000e-03
   2.8013000e-03
   2.8176000e-03
   2.8350000e-03
   2.8534000e-03
   2.8726000e-03
   2.8975000e-03
   2.9179000e-03
   2.9386000e-03
   2.9594000e-03
   2.9803000e-03
   3.0011000e-03
   3.0217000e-03
   3.0422000e-03
   3.0624000e-03
   3.0824000e-03
   3.1022000e-03
   3.1217000e-03
   3.1457000e-03
   3.1647000e-03
   3.1836000e-03
   3.2022000e-03
   3.2208000e-03
   3.2394000e-03
   3.2580000e-03
   2.9485000e-03
   2.9407000e-03
   2.9326000e-03
   2.9241000e-03
   2.9150000e-03
   2.9054000e-03
   2.8954000e-03
   2.8823000e-03
   2.8718000e-03
   2.8613000e-03
   2.8510000e-03
   2.8413000e-03
   2.8323000e-03
   2.8242000e-03
   2.8173000e-03
   2.8117000e-03
   2.8077000e-03
   2.8053000e-03
   2.8047000e-03
   2.8067000e-03
   2.8104000e-03
   2.8162000e-03
   2.8238000e-03
   2.8334000e-03
   2.8448000e-03
   2.8578000e-03
   2.8723000e-03
   2.8881000e-03
   2.9052000e-03
   2.9232000e-03
   2.9421000e-03
   2.9665000e-03
   2.9866000e-03
   3.0069000e-03
   3.0275000e-03
   3.0480000e-03
   3.0686000e-03
   3.0890000e-03
   3.1093000e-03
   3.1294000e-03
   3.1493000e-03
   3.1690000e-03
   3.1884000e-03
   3.2124000e-03
   3.2314000e-03
   3.2502000e-03
   3.2689000e-03
   3.2875000e-03
   3.3061000e-03
   3.3246000e-03
