   0.0000000e+00
   2.0000000e-03
   4.0000000e-03
   6.0000000e-03
   8.0000000e-03
   1.0000000e-02
   1.2000000e-02
   1.4500000e-02
   1.6500000e-02
   1.8500000e-02
   2.0500000e-02
   2.2500000e-02
   2.4500000e-02
   2.6500000e-02
   2.8500000e-02
   3.0500000e-02
   3.2500000e-02
   3.4500000e-02
   3.6500000e-02
   3.9000000e-02
   4.1000000e-02
   4.3000000e-02
   4.5000000e-02
   4.7000000e-02
   4.9000000e-02
   5.1000000e-02
   5.3000000e-02
   5.5000000e-02
   5.7000000e-02
   5.9000000e-02
   6.1000000e-02
   6.3500000e-02
   6.5500000e-02
   6.7500000e-02
   6.9500000e-02
   7.1500000e-02
   7.3500000e-02
   7.5500000e-02
   7.7500000e-02
   7.9500000e-02
   8.1500000e-02
   8.3500000e-02
   8.5500000e-02
   8.8000000e-02
   9.0000000e-02
   9.2000000e-02
   9.4000000e-02
   9.6000000e-02
   9.8000000e-02
   1.0000000e-01
   0.0000000e+00
   2.0000000e-03
   4.0000000e-03
   6.0000000e-03
   8.0000000e-03
   1.0000000e-02
   1.2000000e-02
   1.4500000e-02
   1.6500000e-02
   1.8500000e-02
   2.0500000e-02
   2.2500000e-02
   2.4500000e-02
   2.6500000e-02
   2.8500000e-02
   3.0500000e-02
   3.2500000e-02
   3.4500000e-02
   3.6500000e-02
   3.9000000e-02
   4.1000000e-02
   4.3000000e-02
   4.5000000e-02
   4.7000000e-02
   4.9000000e-02
   5.1000000e-02
   5.3000000e-02
   5.5000000e-02
   5.7000000e-02
   5.9000000e-02
   6.1000000e-02
   6.3500000e-02
   6.5500000e-02
   6.7500000e-02
   6.9500000e-02
   7.1500000e-02
   7.3500000e-02
   7.5500000e-02
   7.7500000e-02
   7.9500000e-02
   8.1500000e-02
   8.3500000e-02
   8.5500000e-02
   8.8000000e-02
   9.0000000e-02
   9.2000000e-02
   9.4000000e-02
   9.6000000e-02
   9.8000000e-02
   1.0000000e-01
   0.0000000e+00
   2.0000000e-03
   4.0000000e-03
   6.0000000e-03
   8.0000000e-03
   1.0000000e-02
   1.2000000e-02
   1.4500000e-02
   1.6500000e-02
   1.8500000e-02
   2.0500000e-02
   2.2500000e-02
   2.4500000e-02
   2.6500000e-02
   2.8500000e-02
   3.0500000e-02
   3.2500000e-02
   3.4500000e-02
   3.6500000e-02
   3.9000000e-02
   4.1000000e-02
   4.3000000e-02
   4.5000000e-02
   4.7000000e-02
   4.9000000e-02
   5.1000000e-02
   5.3000000e-02
   5.4986000e-02
   5.6997000e-02
   5.8999000e-02
   6.1000000e-02
   6.3500000e-02
   6.5500000e-02
   6.7500000e-02
   6.9500000e-02
   7.1500000e-02
   7.3500000e-02
   7.5500000e-02
   7.7500000e-02
   7.9500000e-02
   8.1500000e-02
   8.3500000e-02
   8.5500000e-02
   8.8000000e-02
   9.0000000e-02
   9.2000000e-02
   9.4000000e-02
   9.6000000e-02
   9.8000000e-02
   1.0000000e-01
   0.0000000e+00
   2.0000000e-03
   4.0000000e-03
   6.0000000e-03
   8.0000000e-03
   1.0000000e-02
   1.2000000e-02
   1.4500000e-02
   1.6500000e-02
   1.8500000e-02
   2.0500000e-02
   2.2500000e-02
   2.4500000e-02
   2.6500000e-02
   2.8500000e-02
   3.0500000e-02
   3.2500000e-02
   3.4500000e-02
   3.6500000e-02
   3.9000000e-02
   4.1000000e-02
   4.3000000e-02
   4.5000000e-02
   4.7000000e-02
   4.9000000e-02
   5.1000000e-02
   5.3000000e-02
   5.4990000e-02
   5.6991000e-02
   5.8995000e-02
   6.0998000e-02
   6.3499000e-02
   6.5500000e-02
   6.7500000e-02
   6.9500000e-02
   7.1500000e-02
   7.3500000e-02
   7.5500000e-02
   7.7500000e-02
   7.9500000e-02
   8.1500000e-02
   8.3500000e-02
   8.5500000e-02
   8.8000000e-02
   9.0000000e-02
   9.2000000e-02
   9.4000000e-02
   9.6000000e-02
   9.8000000e-02
   1.0000000e-01
   0.0000000e+00
   2.0000000e-03
   4.0000000e-03
   6.0000000e-03
   8.0000000e-03
   1.0000000e-02
   1.2000000e-02
   1.4500000e-02
   1.6500000e-02
   1.8500000e-02
   2.0500000e-02
   2.2500000e-02
   2.4500000e-02
   2.6500000e-02
   2.8500000e-02
   3.0500000e-02
   3.2500000e-02
   3.4500000e-02
   3.6500000e-02
   3.9000000e-02
   4.1000000e-02
   4.3000000e-02
   4.5000000e-02
   4.7000000e-02
   4.9000000e-02
   5.1000000e-02
   5.3000000e-02
   5.4996000e-02
   5.6992000e-02
   5.8993000e-02
   6.0996000e-02
   6.3498000e-02
   6.5499000e-02
   6.7500000e-02
   6.9500000e-02
   7.1500000e-02
   7.3500000e-02
   7.5500000e-02
   7.7500000e-02
   7.9500000e-02
   8.1500000e-02
   8.3500000e-02
   8.5500000e-02
   8.8000000e-02
   9.0000000e-02
   9.2000000e-02
   9.4000000e-02
   9.6000000e-02
   9.8000000e-02
   1.0000000e-01
   0.0000000e+00
   2.0000000e-03
   4.0000000e-03
   6.0000000e-03
   8.0000000e-03
   1.0000000e-02
   1.2000000e-02
   1.4500000e-02
   1.6500000e-02
   1.8500000e-02
   2.0500000e-02
   2.2500000e-02
   2.4500000e-02
   2.6500000e-02
   2.8500000e-02
   3.0500000e-02
   3.2500000e-02
   3.4500000e-02
   3.6500000e-02
   3.9000000e-02
   4.1000000e-02
   4.3000000e-02
   4.5000000e-02
   4.7000000e-02
   4.9000000e-02
   5.1000000e-02
   5.3000000e-02
   5.4998000e-02
   5.6995000e-02
   5.8994000e-02
   6.0994000e-02
   6.3496000e-02
   6.5498000e-02
   6.7499000e-02
   6.9499000e-02
   7.1500000e-02
   7.3500000e-02
   7.5500000e-02
   7.7500000e-02
   7.9500000e-02
   8.1500000e-02
   8.3500000e-02
   8.5500000e-02
   8.8000000e-02
   9.0000000e-02
   9.2000000e-02
   9.4000000e-02
   9.6000000e-02
   9.8000000e-02
   1.0000000e-01
   0.0000000e+00
   2.0000000e-03
   4.0000000e-03
   6.0000000e-03
   8.0000000e-03
   1.0000000e-02
   1.2000000e-02
   1.4500000e-02
   1.6500000e-02
   1.8500000e-02
   2.0488000e-02
   2.2498000e-02
   2.4520000e-02
   2.6542000e-02
   2.8555000e-02
   3.0551000e-02
   3.2537000e-02
   3.4512000e-02
   3.6500000e-02
   3.9000000e-02
   4.1000000e-02
   4.3000000e-02
   4.5000000e-02
   4.7000000e-02
   4.8993000e-02
   5.0992000e-02
   5.2997000e-02
   5.4982000e-02
   5.6979000e-02
   5.8982000e-02
   6.0986000e-02
   6.3495000e-02
   6.5496000e-02
   6.7498000e-02
   6.9499000e-02
   7.1499000e-02
   7.3500000e-02
   7.5500000e-02
   7.7500000e-02
   7.9500000e-02
   8.1500000e-02
   8.3500000e-02
   8.5500000e-02
   8.8000000e-02
   9.0000000e-02
   9.2000000e-02
   9.4000000e-02
   9.6000000e-02
   9.8000000e-02
   1.0000000e-01
   0.0000000e+00
   2.0000000e-03
   4.0000000e-03
   6.0000000e-03
   8.0000000e-03
   1.0000000e-02
   1.2000000e-02
   1.4505000e-02
   1.6521000e-02
   1.8535000e-02
   2.0505000e-02
   2.2405000e-02
   2.4567000e-02
   2.6689000e-02
   2.8779000e-02
   3.0430000e-02
   3.2663000e-02
   3.4536000e-02
   3.7020000e-02
   3.9028000e-02
   4.1018000e-02
   4.3037000e-02
   4.5058000e-02
   4.7070000e-02
   4.9050000e-02
   5.1050000e-02
   5.2977000e-02
   5.4951000e-02
   5.6941000e-02
   5.8939000e-02
   6.1463000e-02
   6.3473000e-02
   6.5485000e-02
   6.7493000e-02
   6.9497000e-02
   7.1498000e-02
   7.3499000e-02
   7.5499000e-02
   7.7500000e-02
   7.9500000e-02
   8.1500000e-02
   8.3500000e-02
   8.5500000e-02
   8.8000000e-02
   9.0000000e-02
   9.2000000e-02
   9.4000000e-02
   9.6000000e-02
   9.8000000e-02
   1.0000000e-01
   0.0000000e+00
   2.0000000e-03
   4.0000000e-03
   6.0000000e-03
   8.0000000e-03
   1.0000000e-02
   1.2000000e-02
   1.4024000e-02
   1.6575000e-02
   1.8114000e-02
   2.0170000e-02
   2.2240000e-02
   2.4303000e-02
   2.6258000e-02
   2.8417000e-02
   3.0793000e-02
   3.2417000e-02
   3.4735000e-02
   3.7111000e-02
   3.9068000e-02
   4.0998000e-02
   4.3077000e-02
   4.5213000e-02
   4.6992000e-02
   4.8809000e-02
   5.0830000e-02
   5.2905000e-02
   5.4909000e-02
   5.7391000e-02
   5.9390000e-02
   6.1408000e-02
   6.3439000e-02
   6.5458000e-02
   6.7472000e-02
   6.9486000e-02
   7.1497000e-02
   7.3498000e-02
   7.5499000e-02
   7.7499000e-02
   7.9500000e-02
   8.1500000e-02
   8.4000000e-02
   8.6000000e-02
   8.8000000e-02
   9.0000000e-02
   9.2000000e-02
   9.4000000e-02
   9.6000000e-02
   9.8000000e-02
   1.0000000e-01
   0.0000000e+00
   2.0000000e-03
   4.0000000e-03
   6.0000000e-03
   8.0000000e-03
   1.0000000e-02
   1.2000000e-02
   1.4029000e-02
   1.6097000e-02
   1.8206000e-02
   2.0232000e-02
   2.2245000e-02
   2.4232000e-02
   2.6639000e-02
   2.8581000e-02
   3.0918000e-02
   3.2831000e-02
   3.4617000e-02
   3.6923000e-02
   3.8774000e-02
   4.0730000e-02
   4.3037000e-02
   4.5012000e-02
   4.6968000e-02
   4.9037000e-02
   5.1252000e-02
   5.2836000e-02
   5.4875000e-02
   5.7360000e-02
   5.9361000e-02
   6.1367000e-02
   6.3394000e-02
   6.5424000e-02
   6.7451000e-02
   6.9469000e-02
   7.1478000e-02
   7.3494000e-02
   7.5498000e-02
   7.7499000e-02
   7.9499000e-02
   8.2000000e-02
   8.4000000e-02
   8.6000000e-02
   8.8000000e-02
   9.0000000e-02
   9.2000000e-02
   9.4000000e-02
   9.6000000e-02
   9.8000000e-02
   1.0000000e-01
   0.0000000e+00
   2.0000000e-03
   4.0000000e-03
   6.0000000e-03
   8.0000000e-03
   1.0000000e-02
   1.2010000e-02
   1.4019000e-02
   1.6573000e-02
   1.8175000e-02
   2.0358000e-02
   2.2288000e-02
   2.4240000e-02
   2.6676000e-02
   2.8593000e-02
   3.0471000e-02
   3.2724000e-02
   3.4606000e-02
   3.6536000e-02
   3.8541000e-02
   4.0484000e-02
   4.2991000e-02
   4.4945000e-02
   4.6870000e-02
   4.8795000e-02
   5.1080000e-02
   5.3307000e-02
   5.4833000e-02
   5.7340000e-02
   5.9339000e-02
   6.1358000e-02
   6.3386000e-02
   6.5412000e-02
   6.7433000e-02
   6.9458000e-02
   7.1463000e-02
   7.3474000e-02
   7.5488000e-02
   7.7499000e-02
   8.0000000e-02
   8.2000000e-02
   8.4000000e-02
   8.6000000e-02
   8.8000000e-02
   9.0000000e-02
   9.2000000e-02
   9.4000000e-02
   9.6000000e-02
   9.8000000e-02
   1.0000000e-01
   0.0000000e+00
   2.0000000e-03
   4.0000000e-03
   6.0000000e-03
   8.0000000e-03
   1.0000000e-02
   1.2023000e-02
   1.4047000e-02
   1.6470000e-02
   1.8352000e-02
   2.0530000e-02
   2.2349000e-02
   2.4221000e-02
   2.6734000e-02
   2.8706000e-02
   3.0443000e-02
   3.2607000e-02
   3.4677000e-02
   3.6856000e-02
   3.8677000e-02
   4.0433000e-02
   4.2674000e-02
   4.4869000e-02
   4.6934000e-02
   4.8898000e-02
   5.0936000e-02
   5.3229000e-02
   5.4747000e-02
   5.6837000e-02
   5.9354000e-02
   6.1380000e-02
   6.3401000e-02
   6.5414000e-02
   6.7427000e-02
   6.9440000e-02
   7.1457000e-02
   7.3469000e-02
   7.5479000e-02
   7.7489000e-02
   8.0000000e-02
   8.2000000e-02
   8.4000000e-02
   8.6000000e-02
   8.8000000e-02
   9.0000000e-02
   9.2000000e-02
   9.4000000e-02
   9.6000000e-02
   9.8000000e-02
   1.0000000e-01
   0.0000000e+00
   2.0000000e-03
   4.0000000e-03
   6.0000000e-03
   8.0000000e-03
   1.0000000e-02
   1.2043000e-02
   1.4128000e-02
   1.6131000e-02
   1.8385000e-02
   2.0614000e-02
   2.2356000e-02
   2.4185000e-02
   2.6649000e-02
   2.8613000e-02
   3.0593000e-02
   3.2607000e-02
   3.4749000e-02
   3.6840000e-02
   3.8849000e-02
   4.1186000e-02
   4.2724000e-02
   4.4738000e-02
   4.7010000e-02
   4.8997000e-02
   5.1087000e-02
   5.2864000e-02
   5.4890000e-02
   5.6927000e-02
   5.9393000e-02
   6.1405000e-02
   6.3418000e-02
   6.5422000e-02
   6.7427000e-02
   6.9434000e-02
   7.1448000e-02
   7.3455000e-02
   7.5457000e-02
   7.7980000e-02
   8.0000000e-02
   8.2000000e-02
   8.4000000e-02
   8.6000000e-02
   8.8000000e-02
   9.0000000e-02
   9.2000000e-02
   9.4000000e-02
   9.6000000e-02
   9.8000000e-02
   1.0000000e-01
   0.0000000e+00
   2.0000000e-03
   4.0000000e-03
   6.0000000e-03
   8.0000000e-03
   1.0000000e-02
   1.2015000e-02
   1.4067000e-02
   1.6354000e-02
   1.8339000e-02
   2.0418000e-02
   2.2380000e-02
   2.4685000e-02
   2.6405000e-02
   2.8413000e-02
   3.0343000e-02
   3.2848000e-02
   3.4826000e-02
   3.6613000e-02
   3.8510000e-02
   4.0987000e-02
   4.2785000e-02
   4.4860000e-02
   4.6939000e-02
   4.9066000e-02
   5.0938000e-02
   5.3264000e-02
   5.5003000e-02
   5.6883000e-02
   5.8998000e-02
   6.1056000e-02
   6.3034000e-02
   6.5470000e-02
   6.7454000e-02
   6.9445000e-02
   7.1444000e-02
   7.3442000e-02
   7.5453000e-02
   7.7980000e-02
   8.0000000e-02
   8.2000000e-02
   8.4000000e-02
   8.6000000e-02
   8.8000000e-02
   9.0000000e-02
   9.2000000e-02
   9.4000000e-02
   9.6000000e-02
   9.8000000e-02
   1.0000000e-01
   0.0000000e+00
   2.0000000e-03
   4.0000000e-03
   6.0000000e-03
   8.0000000e-03
   1.0000000e-02
   1.1959000e-02
   1.4314000e-02
   1.6611000e-02
   1.8590000e-02
   2.0226000e-02
   2.2595000e-02
   2.4609000e-02
   2.6571000e-02
   2.8506000e-02
   3.0330000e-02
   3.2709000e-02
   3.4530000e-02
   3.6626000e-02
   3.8756000e-02
   4.0768000e-02
   4.3052000e-02
   4.4767000e-02
   4.6680000e-02
   4.9255000e-02
   5.0960000e-02
   5.2771000e-02
   5.5145000e-02
   5.6983000e-02
   5.9501000e-02
   6.1405000e-02
   6.3334000e-02
   6.5245000e-02
   6.7132000e-02
   6.9499000e-02
   7.1453000e-02
   7.3436000e-02
   7.5448000e-02
   7.7981000e-02
   8.0000000e-02
   8.2000000e-02
   8.4000000e-02
   8.6000000e-02
   8.8000000e-02
   9.0000000e-02
   9.2000000e-02
   9.4000000e-02
   9.6000000e-02
   9.8000000e-02
   1.0000000e-01
   0.0000000e+00
   2.0000000e-03
   4.0000000e-03
   6.0000000e-03
   8.0000000e-03
   1.0000000e-02
   1.1938000e-02
   1.4244000e-02
   1.6506000e-02
   1.8286000e-02
   2.0150000e-02
   2.2439000e-02
   2.4667000e-02
   2.6346000e-02
   2.8758000e-02
   3.0534000e-02
   3.2876000e-02
   3.4405000e-02
   3.6854000e-02
   3.8871000e-02
   4.0813000e-02
   4.3153000e-02
   4.5070000e-02
   4.7062000e-02
   4.9093000e-02
   5.1045000e-02
   5.3007000e-02
   5.5363000e-02
   5.7129000e-02
   5.9405000e-02
   6.1127000e-02
   6.2916000e-02
   6.5678000e-02
   6.7527000e-02
   6.9107000e-02
   7.1444000e-02
   7.3428000e-02
   7.5450000e-02
   7.7490000e-02
   7.9500000e-02
   8.2000000e-02
   8.4000000e-02
   8.6000000e-02
   8.8000000e-02
   9.0000000e-02
   9.2000000e-02
   9.4000000e-02
   9.6000000e-02
   9.8000000e-02
   1.0000000e-01
   0.0000000e+00
   2.0000000e-03
   4.0000000e-03
   6.0000000e-03
   8.0000000e-03
   1.0000000e-02
   1.1966000e-02
   1.4390000e-02
   1.6125000e-02
   1.8598000e-02
   2.0387000e-02
   2.2561000e-02
   2.4533000e-02
   2.6810000e-02
   2.8493000e-02
   3.0433000e-02
   3.2802000e-02
   3.4851000e-02
   3.6911000e-02
   3.8792000e-02
   4.1096000e-02
   4.2931000e-02
   4.4782000e-02
   4.6959000e-02
   4.8912000e-02
   5.1292000e-02
   5.3058000e-02
   5.5339000e-02
   5.7055000e-02
   5.9343000e-02
   6.0992000e-02
   6.3543000e-02
   6.5302000e-02
   6.7103000e-02
   6.9545000e-02
   7.1463000e-02
   7.3444000e-02
   7.5484000e-02
   7.7501000e-02
   7.9500000e-02
   8.1500000e-02
   8.4000000e-02
   8.6000000e-02
   8.8000000e-02
   9.0000000e-02
   9.2000000e-02
   9.4000000e-02
   9.6000000e-02
   9.8000000e-02
   1.0000000e-01
   0.0000000e+00
   2.0000000e-03
   4.0000000e-03
   6.0000000e-03
   8.0000000e-03
   1.0000000e-02
   1.2000000e-02
   1.4030000e-02
   1.6129000e-02
   1.8031000e-02
   2.0749000e-02
   2.2371000e-02
   2.4804000e-02
   2.6264000e-02
   2.8635000e-02
   3.0710000e-02
   3.2794000e-02
   3.4768000e-02
   3.6874000e-02
   3.8535000e-02
   4.0890000e-02
   4.2824000e-02
   4.4690000e-02
   4.7242000e-02
   4.9019000e-02
   5.0888000e-02
   5.3140000e-02
   5.5068000e-02
   5.7215000e-02
   5.9256000e-02
   6.1313000e-02
   6.3266000e-02
   6.4959000e-02
   6.7570000e-02
   6.9436000e-02
   7.1216000e-02
   7.3514000e-02
   7.5536000e-02
   7.7503000e-02
   7.9500000e-02
   8.1500000e-02
   8.3500000e-02
   8.6000000e-02
   8.8000000e-02
   9.0000000e-02
   9.2000000e-02
   9.4000000e-02
   9.6000000e-02
   9.8000000e-02
   1.0000000e-01
   0.0000000e+00
   2.0000000e-03
   4.0000000e-03
   6.0000000e-03
   8.0000000e-03
   1.0000000e-02
   1.2000000e-02
   1.4442000e-02
   1.6299000e-02
   1.8568000e-02
   2.0305000e-02
   2.2306000e-02
   2.4282000e-02
   2.6616000e-02
   2.8623000e-02
   3.0535000e-02
   3.3124000e-02
   3.4725000e-02
   3.6455000e-02
   3.8928000e-02
   4.0853000e-02
   4.2641000e-02
   4.5089000e-02
   4.7237000e-02
   4.9094000e-02
   5.1377000e-02
   5.3017000e-02
   5.5227000e-02
   5.7177000e-02
   5.9286000e-02
   6.1337000e-02
   6.3412000e-02
   6.5411000e-02
   6.7104000e-02
   6.9302000e-02
   7.1422000e-02
   7.3228000e-02
   7.5547000e-02
   7.7506000e-02
   7.9500000e-02
   8.1500000e-02
   8.3500000e-02
   8.5500000e-02
   8.8000000e-02
   9.0000000e-02
   9.2000000e-02
   9.4000000e-02
   9.6000000e-02
   9.8000000e-02
   1.0000000e-01
   0.0000000e+00
   2.0000000e-03
   4.0000000e-03
   6.0000000e-03
   8.0000000e-03
   1.0000000e-02
   1.2000000e-02
   1.4415000e-02
   1.6224000e-02
   1.8398000e-02
   2.0551000e-02
   2.2530000e-02
   2.4480000e-02
   2.6483000e-02
   2.8580000e-02
   3.0587000e-02
   3.2650000e-02
   3.4674000e-02
   3.6656000e-02
   3.8586000e-02
   4.0619000e-02
   4.2679000e-02
   4.4954000e-02
   4.6868000e-02
   4.9135000e-02
   5.0874000e-02
   5.3252000e-02
   5.5012000e-02
   5.6974000e-02
   5.8948000e-02
   6.1198000e-02
   6.3339000e-02
   6.5459000e-02
   6.7528000e-02
   6.9545000e-02
   7.1549000e-02
   7.3575000e-02
   7.5507000e-02
   7.7500000e-02
   7.9500000e-02
   8.1500000e-02
   8.3500000e-02
   8.5500000e-02
   8.8000000e-02
   9.0000000e-02
   9.2000000e-02
   9.4000000e-02
   9.6000000e-02
   9.8000000e-02
   1.0000000e-01
   0.0000000e+00
   2.0000000e-03
   4.0000000e-03
   6.0000000e-03
   8.0000000e-03
   9.9999000e-03
   1.2000000e-02
   1.4432000e-02
   1.6270000e-02
   1.8398000e-02
   2.0547000e-02
   2.2532000e-02
   2.4481000e-02
   2.6592000e-02
   2.8444000e-02
   3.0713000e-02
   3.2691000e-02
   3.4587000e-02
   3.6687000e-02
   3.8578000e-02
   4.0530000e-02
   4.3238000e-02
   4.5044000e-02
   4.6811000e-02
   4.9097000e-02
   5.1001000e-02
   5.3087000e-02
   5.5042000e-02
   5.7010000e-02
   5.8977000e-02
   6.1299000e-02
   6.3066000e-02
   6.5461000e-02
   6.7405000e-02
   6.9433000e-02
   7.1623000e-02
   7.3268000e-02
   7.5539000e-02
   7.7500000e-02
   7.9500000e-02
   8.1500000e-02
   8.3500000e-02
   8.5500000e-02
   8.8000000e-02
   9.0000000e-02
   9.2000000e-02
   9.4000000e-02
   9.6000000e-02
   9.8000000e-02
   1.0000000e-01
   0.0000000e+00
   2.0000000e-03
   4.0000000e-03
   6.0000000e-03
   8.0000000e-03
   9.9999000e-03
   1.2000000e-02
   1.4050000e-02
   1.6480000e-02
   1.8237000e-02
   2.0222000e-02
   2.2292000e-02
   2.4289000e-02
   2.6438000e-02
   2.8528000e-02
   3.0763000e-02
   3.2779000e-02
   3.4689000e-02
   3.6599000e-02
   3.8969000e-02
   4.0857000e-02
   4.2862000e-02
   4.5113000e-02
   4.7250000e-02
   4.8953000e-02
   5.1075000e-02
   5.2887000e-02
   5.5219000e-02
   5.7326000e-02
   5.9281000e-02
   6.1157000e-02
   6.3389000e-02
   6.5391000e-02
   6.7286000e-02
   6.9512000e-02
   7.1564000e-02
   7.3262000e-02
   7.5550000e-02
   7.7500000e-02
   7.9500000e-02
   8.1500000e-02
   8.3500000e-02
   8.5500000e-02
   8.8000000e-02
   9.0000000e-02
   9.2000000e-02
   9.4000000e-02
   9.6000000e-02
   9.8000000e-02
   1.0000000e-01
   0.0000000e+00
   2.0000000e-03
   4.0000000e-03
   6.0000000e-03
   7.9999000e-03
   9.9998000e-03
   1.2477000e-02
   1.4304000e-02
   1.6182000e-02
   1.8245000e-02
   2.0256000e-02
   2.2644000e-02
   2.4697000e-02
   2.6821000e-02
   2.8536000e-02
   3.0853000e-02
   3.2322000e-02
   3.5082000e-02
   3.6776000e-02
   3.9281000e-02
   4.1064000e-02
   4.2802000e-02
   4.5145000e-02
   4.6876000e-02
   4.9104000e-02
   5.1164000e-02
   5.3167000e-02
   5.4863000e-02
   5.7354000e-02
   5.9381000e-02
   6.1139000e-02
   6.2945000e-02
   6.5452000e-02
   6.7234000e-02
   6.9345000e-02
   7.1455000e-02
   7.3681000e-02
   7.5556000e-02
   7.7505000e-02
   7.9500000e-02
   8.1500000e-02
   8.3500000e-02
   8.5500000e-02
   8.8000000e-02
   9.0000000e-02
   9.2000000e-02
   9.4000000e-02
   9.6000000e-02
   9.8000000e-02
   1.0000000e-01
   0.0000000e+00
   2.0000000e-03
   4.0000000e-03
   5.9999000e-03
   7.9998000e-03
   9.9997000e-03
   1.2479000e-02
   1.3993000e-02
   1.6472000e-02
   1.8432000e-02
   2.0453000e-02
   2.2346000e-02
   2.4425000e-02
   2.6488000e-02
   2.8475000e-02
   3.0647000e-02
   3.2836000e-02
   3.4417000e-02
   3.6995000e-02
   3.9139000e-02
   4.1041000e-02
   4.2774000e-02
   4.4793000e-02
   4.6972000e-02
   4.9019000e-02
   5.1145000e-02
   5.3321000e-02
   5.4844000e-02
   5.7061000e-02
   5.9239000e-02
   6.1010000e-02
   6.3322000e-02
   6.5050000e-02
   6.7365000e-02
   6.9515000e-02
   7.1343000e-02
   7.3667000e-02
   7.5564000e-02
   7.7510000e-02
   7.9500000e-02
   8.1500000e-02
   8.3500000e-02
   8.5500000e-02
   8.8000000e-02
   9.0000000e-02
   9.2000000e-02
   9.4000000e-02
   9.6000000e-02
   9.8000000e-02
   1.0000000e-01
   0.0000000e+00
   2.0000000e-03
   4.0000000e-03
   5.9999000e-03
   7.9997000e-03
   9.9889000e-03
   1.2411000e-02
   1.4237000e-02
   1.6229000e-02
   1.8267000e-02
   2.0380000e-02
   2.2200000e-02
   2.4369000e-02
   2.6697000e-02
   2.8452000e-02
   3.0656000e-02
   3.2994000e-02
   3.4497000e-02
   3.6575000e-02
   3.8549000e-02
   4.0920000e-02
   4.2551000e-02
   4.4887000e-02
   4.6879000e-02
   4.9019000e-02
   5.0971000e-02
   5.3175000e-02
   5.4912000e-02
   5.7115000e-02
   5.9398000e-02
   6.1229000e-02
   6.3648000e-02
   6.5552000e-02
   6.7469000e-02
   6.9371000e-02
   7.1273000e-02
   7.3655000e-02
   7.5580000e-02
   7.7524000e-02
   7.9500000e-02
   8.1500000e-02
   8.3500000e-02
   8.5500000e-02
   8.8000000e-02
   9.0000000e-02
   9.2000000e-02
   9.4000000e-02
   9.6000000e-02
   9.8000000e-02
   1.0000000e-01
   0.0000000e+00
   2.0000000e-03
   3.9999000e-03
   5.9997000e-03
   7.9996000e-03
   9.9886000e-03
   1.2407000e-02
   1.4276000e-02
   1.6531000e-02
   1.8378000e-02
   2.0421000e-02
   2.2321000e-02
   2.4587000e-02
   2.6514000e-02
   2.8391000e-02
   3.0699000e-02
   3.2895000e-02
   3.4796000e-02
   3.6390000e-02
   3.8651000e-02
   4.0656000e-02
   4.2805000e-02
   4.4882000e-02
   4.6927000e-02
   4.9015000e-02
   5.1301000e-02
   5.2929000e-02
   5.5370000e-02
   5.7071000e-02
   5.9051000e-02
   6.1008000e-02
   6.3252000e-02
   6.5324000e-02
   6.7331000e-02
   6.9310000e-02
   7.1262000e-02
   7.3668000e-02
   7.5592000e-02
   7.7540000e-02
   7.9500000e-02
   8.1500000e-02
   8.3500000e-02
   8.5500000e-02
   8.8000000e-02
   9.0000000e-02
   9.2000000e-02
   9.4000000e-02
   9.6000000e-02
   9.8000000e-02
   1.0000000e-01
   0.0000000e+00
   2.0000000e-03
   3.9998000e-03
   5.9996000e-03
   7.9995000e-03
   9.9996000e-03
   1.2428000e-02
   1.4341000e-02
   1.6261000e-02
   1.8224000e-02
   2.0262000e-02
   2.2494000e-02
   2.4441000e-02
   2.6398000e-02
   2.8311000e-02
   3.0796000e-02
   3.2540000e-02
   3.4629000e-02
   3.6457000e-02
   3.8666000e-02
   4.0851000e-02
   4.2894000e-02
   4.4886000e-02
   4.7069000e-02
   4.9220000e-02
   5.1128000e-02
   5.2838000e-02
   5.4995000e-02
   5.7209000e-02
   5.9347000e-02
   6.1289000e-02
   6.3262000e-02
   6.5288000e-02
   6.7303000e-02
   6.9303000e-02
   7.1276000e-02
   7.3214000e-02
   7.5624000e-02
   7.7554000e-02
   7.9506000e-02
   8.1500000e-02
   8.3500000e-02
   8.5500000e-02
   8.8000000e-02
   9.0000000e-02
   9.2000000e-02
   9.4000000e-02
   9.6000000e-02
   9.8000000e-02
   1.0000000e-01
   0.0000000e+00
   1.9999000e-03
   3.9995000e-03
   5.9994000e-03
   7.9996000e-03
   9.9997000e-03
   1.2447000e-02
   1.4395000e-02
   1.6366000e-02
   1.8386000e-02
   2.0451000e-02
   2.2490000e-02
   2.4444000e-02
   2.6763000e-02
   2.8513000e-02
   3.0512000e-02
   3.2456000e-02
   3.4689000e-02
   3.6784000e-02
   3.8622000e-02
   4.0960000e-02
   4.2890000e-02
   4.5072000e-02
   4.6758000e-02
   4.8693000e-02
   5.0726000e-02
   5.3232000e-02
   5.5315000e-02
   5.7380000e-02
   5.9333000e-02
   6.1312000e-02
   6.3302000e-02
   6.5302000e-02
   6.7302000e-02
   6.9302000e-02
   7.1291000e-02
   7.3229000e-02
   7.5633000e-02
   7.7558000e-02
   7.9507000e-02
   8.1500000e-02
   8.3500000e-02
   8.5500000e-02
   8.8000000e-02
   9.0000000e-02
   9.2000000e-02
   9.4000000e-02
   9.6000000e-02
   9.8000000e-02
   1.0000000e-01
   0.0000000e+00
   1.9994000e-03
   3.9992000e-03
   5.9995000e-03
   7.9998000e-03
   9.9999000e-03
   1.2470000e-02
   1.4444000e-02
   1.6448000e-02
   1.7987000e-02
   2.0053000e-02
   2.2591000e-02
   2.4683000e-02
   2.6259000e-02
   2.8644000e-02
   3.0431000e-02
   3.2586000e-02
   3.4593000e-02
   3.6832000e-02
   3.8587000e-02
   4.0702000e-02
   4.2934000e-02
   4.4801000e-02
   4.6698000e-02
   4.8863000e-02
   5.1188000e-02
   5.2943000e-02
   5.5336000e-02
   5.7307000e-02
   5.9304000e-02
   6.1301000e-02
   6.3303000e-02
   6.5302000e-02
   6.7302000e-02
   6.9302000e-02
   7.1289000e-02
   7.3229000e-02
   7.5632000e-02
   7.7552000e-02
   7.9506000e-02
   8.1500000e-02
   8.3500000e-02
   8.5500000e-02
   8.8000000e-02
   9.0000000e-02
   9.2000000e-02
   9.4000000e-02
   9.6000000e-02
   9.8000000e-02
   1.0000000e-01
   0.0000000e+00
   2.0010000e-03
   3.9995000e-03
   5.9999000e-03
   8.0000000e-03
   1.0000000e-02
   1.1998000e-02
   1.4487000e-02
   1.5998000e-02
   1.8042000e-02
   2.0100000e-02
   2.2135000e-02
   2.4647000e-02
   2.6461000e-02
   2.8878000e-02
   3.0774000e-02
   3.2666000e-02
   3.4580000e-02
   3.6590000e-02
   3.8518000e-02
   4.0890000e-02
   4.2771000e-02
   4.4933000e-02
   4.6897000e-02
   4.9302000e-02
   5.1353000e-02
   5.2865000e-02
   5.4846000e-02
   5.7298000e-02
   5.9290000e-02
   6.1303000e-02
   6.3305000e-02
   6.5304000e-02
   6.7303000e-02
   6.9302000e-02
   7.1285000e-02
   7.3215000e-02
   7.5607000e-02
   7.7531000e-02
   7.9500000e-02
   8.1500000e-02
   8.3500000e-02
   8.5500000e-02
   8.8000000e-02
   9.0000000e-02
   9.2000000e-02
   9.4000000e-02
   9.6000000e-02
   9.8000000e-02
   1.0000000e-01
   0.0000000e+00
   2.0000000e-03
   4.0000000e-03
   6.0000000e-03
   8.0000000e-03
   1.0000000e-02
   1.2002000e-02
   1.4517000e-02
   1.6039000e-02
   1.8083000e-02
   2.0124000e-02
   2.2156000e-02
   2.4665000e-02
   2.6733000e-02
   2.8259000e-02
   3.0472000e-02
   3.2471000e-02
   3.4500000e-02
   3.6501000e-02
   3.8522000e-02
   4.0515000e-02
   4.3043000e-02
   4.5015000e-02
   4.6971000e-02
   4.8943000e-02
   5.1391000e-02
   5.2867000e-02
   5.5331000e-02
   5.7307000e-02
   5.9281000e-02
   6.1276000e-02
   6.3295000e-02
   6.5301000e-02
   6.7303000e-02
   6.9303000e-02
   7.1260000e-02
   7.3176000e-02
   7.5569000e-02
   7.7508000e-02
   7.9500000e-02
   8.1500000e-02
   8.3500000e-02
   8.5500000e-02
   8.8000000e-02
   9.0000000e-02
   9.2000000e-02
   9.4000000e-02
   9.6000000e-02
   9.8000000e-02
   1.0000000e-01
   0.0000000e+00
   2.0000000e-03
   4.0000000e-03
   6.0000000e-03
   8.0000000e-03
   1.0000000e-02
   1.2000000e-02
   1.4011000e-02
   1.6044000e-02
   1.8087000e-02
   2.0134000e-02
   2.2165000e-02
   2.4175000e-02
   2.6677000e-02
   2.8730000e-02
   3.0376000e-02
   3.2568000e-02
   3.4747000e-02
   3.6802000e-02
   3.8465000e-02
   4.0625000e-02
   4.2579000e-02
   4.5005000e-02
   4.6959000e-02
   4.8927000e-02
   5.1401000e-02
   5.2881000e-02
   5.4863000e-02
   5.7326000e-02
   5.9294000e-02
   6.1278000e-02
   6.3281000e-02
   6.5292000e-02
   6.7299000e-02
   6.9283000e-02
   7.1217000e-02
   7.3118000e-02
   7.5536000e-02
   7.7503000e-02
   7.9500000e-02
   8.1500000e-02
   8.3500000e-02
   8.5500000e-02
   8.8000000e-02
   9.0000000e-02
   9.2000000e-02
   9.4000000e-02
   9.6000000e-02
   9.8000000e-02
   1.0000000e-01
   0.0000000e+00
   2.0000000e-03
   4.0000000e-03
   6.0000000e-03
   8.0000000e-03
   1.0000000e-02
   1.2000000e-02
   1.4000000e-02
   1.6023000e-02
   1.8068000e-02
   2.0125000e-02
   2.2162000e-02
   2.4177000e-02
   2.6209000e-02
   2.8317000e-02
   3.0455000e-02
   3.2611000e-02
   3.4708000e-02
   3.6819000e-02
   3.8559000e-02
   4.0637000e-02
   4.3017000e-02
   4.4961000e-02
   4.6922000e-02
   4.8903000e-02
   5.0899000e-02
   5.2884000e-02
   5.4872000e-02
   5.7351000e-02
   5.9319000e-02
   6.1295000e-02
   6.3284000e-02
   6.5286000e-02
   6.7287000e-02
   6.9248000e-02
   7.1168000e-02
   7.3075000e-02
   7.5511000e-02
   7.7500000e-02
   7.9500000e-02
   8.1500000e-02
   8.3500000e-02
   8.6000000e-02
   8.8000000e-02
   9.0000000e-02
   9.2000000e-02
   9.4000000e-02
   9.6000000e-02
   9.8000000e-02
   1.0000000e-01
   0.0000000e+00
   2.0000000e-03
   4.0000000e-03
   6.0000000e-03
   8.0000000e-03
   1.0000000e-02
   1.2000000e-02
   1.4000000e-02
   1.6014000e-02
   1.8055000e-02
   2.0112000e-02
   2.2160000e-02
   2.4176000e-02
   2.6197000e-02
   2.8236000e-02
   3.0829000e-02
   3.2422000e-02
   3.4513000e-02
   3.6560000e-02
   3.8552000e-02
   4.1007000e-02
   4.2957000e-02
   4.4917000e-02
   4.6906000e-02
   4.8901000e-02
   5.0886000e-02
   5.2864000e-02
   5.4859000e-02
   5.7356000e-02
   5.9341000e-02
   6.1320000e-02
   6.3301000e-02
   6.5290000e-02
   6.7265000e-02
   6.9204000e-02
   7.1114000e-02
   7.3538000e-02
   7.5504000e-02
   7.7500000e-02
   7.9500000e-02
   8.1500000e-02
   8.4000000e-02
   8.6000000e-02
   8.8000000e-02
   9.0000000e-02
   9.2000000e-02
   9.4000000e-02
   9.6000000e-02
   9.8000000e-02
   1.0000000e-01
   0.0000000e+00
   2.0000000e-03
   4.0000000e-03
   6.0000000e-03
   8.0000000e-03
   1.0000000e-02
   1.2000000e-02
   1.4000000e-02
   1.6005000e-02
   1.8038000e-02
   2.0094000e-02
   2.2146000e-02
   2.4172000e-02
   2.6180000e-02
   2.8194000e-02
   3.0746000e-02
   3.2794000e-02
   3.4372000e-02
   3.6975000e-02
   3.8973000e-02
   4.0949000e-02
   4.2914000e-02
   4.4904000e-02
   4.6900000e-02
   4.8892000e-02
   5.0869000e-02
   5.2845000e-02
   5.5351000e-02
   5.7355000e-02
   5.9349000e-02
   6.1333000e-02
   6.3313000e-02
   6.5280000e-02
   6.7230000e-02
   6.9160000e-02
   7.1061000e-02
   7.3511000e-02
   7.5500000e-02
   7.7500000e-02
   7.9500000e-02
   8.2001000e-02
   8.4000000e-02
   8.6000000e-02
   8.8000000e-02
   9.0000000e-02
   9.2000000e-02
   9.4000000e-02
   9.6000000e-02
   9.8000000e-02
   1.0000000e-01
   0.0000000e+00
   2.0000000e-03
   4.0000000e-03
   6.0000000e-03
   8.0000000e-03
   1.0000000e-02
   1.2000000e-02
   1.4000000e-02
   1.6000000e-02
   1.8020000e-02
   2.0073000e-02
   2.2121000e-02
   2.4161000e-02
   2.6172000e-02
   2.8170000e-02
   3.0672000e-02
   3.2670000e-02
   3.4669000e-02
   3.6841000e-02
   3.8526000e-02
   4.0991000e-02
   4.2908000e-02
   4.4872000e-02
   4.6870000e-02
   4.8880000e-02
   5.0855000e-02
   5.2842000e-02
   5.5343000e-02
   5.7341000e-02
   5.9333000e-02
   6.1303000e-02
   6.3270000e-02
   6.5225000e-02
   6.7159000e-02
   6.9082000e-02
   7.1025000e-02
   7.3501000e-02
   7.5501000e-02
   7.7501000e-02
   8.0001000e-02
   8.2001000e-02
   8.4000000e-02
   8.6000000e-02
   8.8000000e-02
   9.0000000e-02
   9.2000000e-02
   9.4000000e-02
   9.6000000e-02
   9.8000000e-02
   1.0000000e-01
   0.0000000e+00
   2.0000000e-03
   4.0000000e-03
   6.0000000e-03
   8.0000000e-03
   1.0000000e-02
   1.2000000e-02
   1.4000000e-02
   1.6000000e-02
   1.8006000e-02
   2.0040000e-02
   2.2094000e-02
   2.4140000e-02
   2.6142000e-02
   2.8615000e-02
   3.0614000e-02
   3.2574000e-02
   3.4534000e-02
   3.6503000e-02
   3.8991000e-02
   4.1127000e-02
   4.2767000e-02
   4.4806000e-02
   4.6912000e-02
   4.8865000e-02
   5.0847000e-02
   5.2833000e-02
   5.5321000e-02
   5.7302000e-02
   5.9277000e-02
   6.1218000e-02
   6.3175000e-02
   6.5120000e-02
   6.7058000e-02
   6.9020000e-02
   7.1000000e-02
   7.3000000e-02
   7.5500000e-02
   7.8000000e-02
   8.0000000e-02
   8.2000000e-02
   8.4000000e-02
   8.6000000e-02
   8.8000000e-02
   9.0000000e-02
   9.2000000e-02
   9.4000000e-02
   9.6000000e-02
   9.8000000e-02
   1.0000000e-01
   0.0000000e+00
   2.0000000e-03
   4.0000000e-03
   6.0000000e-03
   8.0000000e-03
   1.0000000e-02
   1.2000000e-02
   1.4000000e-02
   1.6000000e-02
   1.8000000e-02
   2.0017000e-02
   2.2050000e-02
   2.4091000e-02
   2.6581000e-02
   2.8555000e-02
   3.1038000e-02
   3.3014000e-02
   3.5006000e-02
   3.7008000e-02
   3.9011000e-02
   4.1031000e-02
   4.3096000e-02
   4.5138000e-02
   4.7218000e-02
   4.8781000e-02
   5.1237000e-02
   5.3228000e-02
   5.5213000e-02
   5.7183000e-02
   5.9145000e-02
   6.1109000e-02
   6.3075000e-02
   6.5037000e-02
   6.7010000e-02
   6.9000000e-02
   7.1000000e-02
   7.3000000e-02
   7.5500000e-02
   7.8000000e-02
   8.0000000e-02
   8.2000000e-02
   8.4000000e-02
   8.6000000e-02
   8.8000000e-02
   9.0000000e-02
   9.2000000e-02
   9.4000000e-02
   9.6000000e-02
   9.8000000e-02
   1.0000000e-01
   0.0000000e+00
   2.0000000e-03
   4.0000000e-03
   6.0000000e-03
   8.0000000e-03
   1.0000000e-02
   1.2000000e-02
   1.4000000e-02
   1.6000000e-02
   1.8000000e-02
   2.0004000e-02
   2.2510000e-02
   2.4516000e-02
   2.6507000e-02
   2.8505000e-02
   3.1000000e-02
   3.3000000e-02
   3.5000000e-02
   3.7001000e-02
   3.9000000e-02
   4.1000000e-02
   4.3020000e-02
   4.5024000e-02
   4.7053000e-02
   4.9083000e-02
   5.1096000e-02
   5.3095000e-02
   5.5086000e-02
   5.7070000e-02
   5.9057000e-02
   6.1036000e-02
   6.3018000e-02
   6.5004000e-02
   6.7000000e-02
   6.9000000e-02
   7.1000000e-02
   7.3500000e-02
   7.5500000e-02
   7.7500000e-02
   8.0000000e-02
   8.2000000e-02
   8.4000000e-02
   8.6000000e-02
   8.8000000e-02
   9.0000000e-02
   9.2000000e-02
   9.4000000e-02
   9.6000000e-02
   9.8000000e-02
   1.0000000e-01
   0.0000000e+00
   2.0000000e-03
   4.0000000e-03
   6.0000000e-03
   8.0000000e-03
   1.0000000e-02
   1.2000000e-02
   1.4000000e-02
   1.6000000e-02
   1.8000000e-02
   2.0000000e-02
   2.2500000e-02
   2.4500000e-02
   2.6500000e-02
   2.8500000e-02
   3.1000000e-02
   3.3000000e-02
   3.5000000e-02
   3.7000000e-02
   3.9000000e-02
   4.1000000e-02
   4.3000000e-02
   4.5000000e-02
   4.7002000e-02
   4.9009000e-02
   5.1018000e-02
   5.3017000e-02
   5.5014000e-02
   5.7011000e-02
   5.9012000e-02
   6.1002000e-02
   6.3000000e-02
   6.5000000e-02
   6.7000000e-02
   6.9000000e-02
   7.1500000e-02
   7.3500000e-02
   7.5500000e-02
   7.7500000e-02
   8.0000000e-02
   8.2000000e-02
   8.4000000e-02
   8.6000000e-02
   8.8000000e-02
   9.0000000e-02
   9.2000000e-02
   9.4000000e-02
   9.6000000e-02
   9.8000000e-02
   1.0000000e-01
   0.0000000e+00
   2.0000000e-03
   4.0000000e-03
   6.0000000e-03
   8.0000000e-03
   1.0000000e-02
   1.2000000e-02
   1.4000000e-02
   1.6000000e-02
   1.8000000e-02
   2.0500000e-02
   2.2500000e-02
   2.4500000e-02
   2.6500000e-02
   2.8500000e-02
   3.0500000e-02
   3.3000000e-02
   3.5000000e-02
   3.7000000e-02
   3.9000000e-02
   4.1000000e-02
   4.3000000e-02
   4.5000000e-02
   4.7000000e-02
   4.9000000e-02
   5.1000000e-02
   5.3000000e-02
   5.5000000e-02
   5.7000000e-02
   5.9000000e-02
   6.1000000e-02
   6.3000000e-02
   6.5000000e-02
   6.7000000e-02
   6.9500000e-02
   7.1500000e-02
   7.3500000e-02
   7.5500000e-02
   7.7500000e-02
   7.9500000e-02
   8.1500000e-02
   8.4000000e-02
   8.6000000e-02
   8.8000000e-02
   9.0000000e-02
   9.2000000e-02
   9.4000000e-02
   9.6000000e-02
   9.8000000e-02
   1.0000000e-01
   0.0000000e+00
   2.0000000e-03
   4.0000000e-03
   6.0000000e-03
   8.0000000e-03
   1.0000000e-02
   1.2000000e-02
   1.4000000e-02
   1.6500000e-02
   1.8500000e-02
   2.0500000e-02
   2.2500000e-02
   2.4500000e-02
   2.6500000e-02
   2.8500000e-02
   3.0500000e-02
   3.2500000e-02
   3.5000000e-02
   3.7000000e-02
   3.9000000e-02
   4.1000000e-02
   4.3000000e-02
   4.5000000e-02
   4.7000000e-02
   4.9000000e-02
   5.1000000e-02
   5.3000000e-02
   5.5000000e-02
   5.7000000e-02
   5.9000000e-02
   6.1000000e-02
   6.3000000e-02
   6.5000000e-02
   6.7500000e-02
   6.9500000e-02
   7.1500000e-02
   7.3500000e-02
   7.5500000e-02
   7.7500000e-02
   7.9500000e-02
   8.1500000e-02
   8.3500000e-02
   8.6000000e-02
   8.8000000e-02
   9.0000000e-02
   9.2000000e-02
   9.4000000e-02
   9.6000000e-02
   9.8000000e-02
   1.0000000e-01
   0.0000000e+00
   2.0000000e-03
   4.0000000e-03
   6.0000000e-03
   8.0000000e-03
   1.0000000e-02
   1.2000000e-02
   1.4000000e-02
   1.6500000e-02
   1.8500000e-02
   2.0500000e-02
   2.2500000e-02
   2.4500000e-02
   2.6500000e-02
   2.8500000e-02
   3.0500000e-02
   3.2500000e-02
   3.4500000e-02
   3.7000000e-02
   3.9000000e-02
   4.1000000e-02
   4.3000000e-02
   4.5000000e-02
   4.7000000e-02
   4.9000000e-02
   5.1000000e-02
   5.3000000e-02
   5.5000000e-02
   5.7000000e-02
   5.9000000e-02
   6.1000000e-02
   6.3000000e-02
   6.5500000e-02
   6.7500000e-02
   6.9500000e-02
   7.1500000e-02
   7.3500000e-02
   7.5500000e-02
   7.7500000e-02
   7.9500000e-02
   8.1500000e-02
   8.3500000e-02
   8.5500000e-02
   8.8000000e-02
   9.0000000e-02
   9.2000000e-02
   9.4000000e-02
   9.6000000e-02
   9.8000000e-02
   1.0000000e-01
   0.0000000e+00
   2.0000000e-03
   4.0000000e-03
   6.0000000e-03
   8.0000000e-03
   1.0000000e-02
   1.2000000e-02
   1.4500000e-02
   1.6500000e-02
   1.8500000e-02
   2.0500000e-02
   2.2500000e-02
   2.4500000e-02
   2.6500000e-02
   2.8500000e-02
   3.0500000e-02
   3.2500000e-02
   3.4500000e-02
   3.6500000e-02
   3.9000000e-02
   4.1000000e-02
   4.3000000e-02
   4.5000000e-02
   4.7000000e-02
   4.9000000e-02
   5.1000000e-02
   5.3000000e-02
   5.5000000e-02
   5.7000000e-02
   5.9000000e-02
   6.1000000e-02
   6.3500000e-02
   6.5500000e-02
   6.7500000e-02
   6.9500000e-02
   7.1500000e-02
   7.3500000e-02
   7.5500000e-02
   7.7500000e-02
   7.9500000e-02
   8.1500000e-02
   8.3500000e-02
   8.5500000e-02
   8.8000000e-02
   9.0000000e-02
   9.2000000e-02
   9.4000000e-02
   9.6000000e-02
   9.8000000e-02
   1.0000000e-01
   0.0000000e+00
   2.0000000e-03
   4.0000000e-03
   6.0000000e-03
   8.0000000e-03
   1.0000000e-02
   1.2000000e-02
   1.4500000e-02
   1.6500000e-02
   1.8500000e-02
   2.0500000e-02
   2.2500000e-02
   2.4500000e-02
   2.6500000e-02
   2.8500000e-02
   3.0500000e-02
   3.2500000e-02
   3.4500000e-02
   3.6500000e-02
   3.9000000e-02
   4.1000000e-02
   4.3000000e-02
   4.5000000e-02
   4.7000000e-02
   4.9000000e-02
   5.1000000e-02
   5.3000000e-02
   5.5000000e-02
   5.7000000e-02
   5.9000000e-02
   6.1000000e-02
   6.3500000e-02
   6.5500000e-02
   6.7500000e-02
   6.9500000e-02
   7.1500000e-02
   7.3500000e-02
   7.5500000e-02
   7.7500000e-02
   7.9500000e-02
   8.1500000e-02
   8.3500000e-02
   8.5500000e-02
   8.8000000e-02
   9.0000000e-02
   9.2000000e-02
   9.4000000e-02
   9.6000000e-02
   9.8000000e-02
   1.0000000e-01
   0.0000000e+00
   2.0000000e-03
   4.0000000e-03
   6.0000000e-03
   8.0000000e-03
   1.0000000e-02
   1.2000000e-02
   1.4500000e-02
   1.6500000e-02
   1.8500000e-02
   2.0500000e-02
   2.2500000e-02
   2.4500000e-02
   2.6500000e-02
   2.8500000e-02
   3.0500000e-02
   3.2500000e-02
   3.4500000e-02
   3.6500000e-02
   3.9000000e-02
   4.1000000e-02
   4.3000000e-02
   4.5000000e-02
   4.7000000e-02
   4.9000000e-02
   5.1000000e-02
   5.3000000e-02
   5.5000000e-02
   5.7000000e-02
   5.9000000e-02
   6.1000000e-02
   6.3500000e-02
   6.5500000e-02
   6.7500000e-02
   6.9500000e-02
   7.1500000e-02
   7.3500000e-02
   7.5500000e-02
   7.7500000e-02
   7.9500000e-02
   8.1500000e-02
   8.3500000e-02
   8.5500000e-02
   8.8000000e-02
   9.0000000e-02
   9.2000000e-02
   9.4000000e-02
   9.6000000e-02
   9.8000000e-02
   1.0000000e-01
   0.0000000e+00
   2.0000000e-03
   4.0000000e-03
   6.0000000e-03
   8.0000000e-03
   1.0000000e-02
   1.2000000e-02
   1.4500000e-02
   1.6500000e-02
   1.8500000e-02
   2.0500000e-02
   2.2500000e-02
   2.4500000e-02
   2.6500000e-02
   2.8500000e-02
   3.0500000e-02
   3.2500000e-02
   3.4500000e-02
   3.6500000e-02
   3.9000000e-02
   4.1000000e-02
   4.3000000e-02
   4.5000000e-02
   4.7000000e-02
   4.9000000e-02
   5.1000000e-02
   5.3000000e-02
   5.5000000e-02
   5.7000000e-02
   5.9000000e-02
   6.1000000e-02
   6.3500000e-02
   6.5500000e-02
   6.7500000e-02
   6.9500000e-02
   7.1500000e-02
   7.3500000e-02
   7.5500000e-02
   7.7500000e-02
   7.9500000e-02
   8.1500000e-02
   8.3500000e-02
   8.5500000e-02
   8.8000000e-02
   9.0000000e-02
   9.2000000e-02
   9.4000000e-02
   9.6000000e-02
   9.8000000e-02
   1.0000000e-01
   0.0000000e+00
   2.0000000e-03
   4.0000000e-03
   6.0000000e-03
   8.0000000e-03
   1.0000000e-02
   1.2000000e-02
   1.4500000e-02
   1.6500000e-02
   1.8500000e-02
   2.0500000e-02
   2.2500000e-02
   2.4500000e-02
   2.6500000e-02
   2.8500000e-02
   3.0500000e-02
   3.2500000e-02
   3.4500000e-02
   3.6500000e-02
   3.9000000e-02
   4.1000000e-02
   4.3000000e-02
   4.5000000e-02
   4.7000000e-02
   4.9000000e-02
   5.1000000e-02
   5.3000000e-02
   5.5000000e-02
   5.7000000e-02
   5.9000000e-02
   6.1000000e-02
   6.3500000e-02
   6.5500000e-02
   6.7500000e-02
   6.9500000e-02
   7.1500000e-02
   7.3500000e-02
   7.5500000e-02
   7.7500000e-02
   7.9500000e-02
   8.1500000e-02
   8.3500000e-02
   8.5500000e-02
   8.8000000e-02
   9.0000000e-02
   9.2000000e-02
   9.4000000e-02
   9.6000000e-02
   9.8000000e-02
   1.0000000e-01
   0.0000000e+00
   2.0000000e-03
   4.0000000e-03
   6.0000000e-03
   8.0000000e-03
   1.0000000e-02
   1.2000000e-02
   1.4500000e-02
   1.6500000e-02
   1.8500000e-02
   2.0500000e-02
   2.2500000e-02
   2.4500000e-02
   2.6500000e-02
   2.8500000e-02
   3.0500000e-02
   3.2500000e-02
   3.4500000e-02
   3.6500000e-02
   3.9000000e-02
   4.1000000e-02
   4.3000000e-02
   4.5000000e-02
   4.7000000e-02
   4.9000000e-02
   5.1000000e-02
   5.3000000e-02
   5.5000000e-02
   5.7000000e-02
   5.9000000e-02
   6.1000000e-02
   6.3500000e-02
   6.5500000e-02
   6.7500000e-02
   6.9500000e-02
   7.1500000e-02
   7.3500000e-02
   7.5500000e-02
   7.7500000e-02
   7.9500000e-02
   8.1500000e-02
   8.3500000e-02
   8.5500000e-02
   8.8000000e-02
   9.0000000e-02
   9.2000000e-02
   9.4000000e-02
   9.6000000e-02
   9.8000000e-02
   1.0000000e-01
   0.0000000e+00
   2.0000000e-03
   4.0000000e-03
   6.0000000e-03
   8.0000000e-03
   1.0000000e-02
   1.2000000e-02
   1.4500000e-02
   1.6500000e-02
   1.8500000e-02
   2.0500000e-02
   2.2500000e-02
   2.4500000e-02
   2.6500000e-02
   2.8500000e-02
   3.0500000e-02
   3.2500000e-02
   3.4500000e-02
   3.6500000e-02
   3.9000000e-02
   4.1000000e-02
   4.3000000e-02
   4.5000000e-02
   4.7000000e-02
   4.9000000e-02
   5.1000000e-02
   5.3000000e-02
   5.5000000e-02
   5.7000000e-02
   5.9000000e-02
   6.1000000e-02
   6.3500000e-02
   6.5500000e-02
   6.7500000e-02
   6.9500000e-02
   7.1500000e-02
   7.3500000e-02
   7.5500000e-02
   7.7500000e-02
   7.9500000e-02
   8.1500000e-02
   8.3500000e-02
   8.5500000e-02
   8.8000000e-02
   9.0000000e-02
   9.2000000e-02
   9.4000000e-02
   9.6000000e-02
   9.8000000e-02
   1.0000000e-01
