   0.0000000e+00
   0.0000000e+00
   0.0000000e+00
   0.0000000e+00
   0.0000000e+00
   0.0000000e+00
   0.0000000e+00
   0.0000000e+00
   0.0000000e+00
   0.0000000e+00
   0.0000000e+00
   0.0000000e+00
   0.0000000e+00
   0.0000000e+00
   0.0000000e+00
   0.0000000e+00
   0.0000000e+00
   0.0000000e+00
   0.0000000e+00
   0.0000000e+00
   0.0000000e+00
   0.0000000e+00
   0.0000000e+00
   0.0000000e+00
   0.0000000e+00
   0.0000000e+00
   0.0000000e+00
   0.0000000e+00
   0.0000000e+00
   0.0000000e+00
   0.0000000e+00
   0.0000000e+00
   0.0000000e+00
   0.0000000e+00
   0.0000000e+00
   0.0000000e+00
   0.0000000e+00
   0.0000000e+00
   0.0000000e+00
   0.0000000e+00
   0.0000000e+00
   0.0000000e+00
   0.0000000e+00
   0.0000000e+00
   0.0000000e+00
   0.0000000e+00
   0.0000000e+00
   0.0000000e+00
   0.0000000e+00
   0.0000000e+00
   2.0000000e-03
   2.0000000e-03
   2.0000000e-03
   2.0000000e-03
   2.0000000e-03
   2.0000000e-03
   2.0000000e-03
   2.0000000e-03
   2.0000000e-03
   2.0000000e-03
   2.0000000e-03
   2.0000000e-03
   2.0000000e-03
   2.0000000e-03
   2.0000000e-03
   2.0000000e-03
   2.0000000e-03
   2.0000000e-03
   2.0000000e-03
   2.0000000e-03
   2.0000000e-03
   2.0000000e-03
   2.0000000e-03
   2.0000000e-03
   2.0000000e-03
   2.0000000e-03
   2.0000000e-03
   2.0000000e-03
   2.0000000e-03
   2.0000000e-03
   2.0000000e-03
   2.0000000e-03
   2.0000000e-03
   2.0000000e-03
   2.0000000e-03
   2.0000000e-03
   2.0000000e-03
   2.0000000e-03
   2.0000000e-03
   2.0000000e-03
   2.0000000e-03
   2.0000000e-03
   2.0000000e-03
   2.0000000e-03
   2.0000000e-03
   2.0000000e-03
   2.0000000e-03
   2.0000000e-03
   2.0000000e-03
   2.0000000e-03
   4.0000000e-03
   4.0000000e-03
   4.0000000e-03
   4.0000000e-03
   4.0000000e-03
   4.0000000e-03
   4.0000000e-03
   4.0000000e-03
   4.0000000e-03
   4.0000000e-03
   4.0000000e-03
   4.0000000e-03
   4.0000000e-03
   4.0000000e-03
   4.0000000e-03
   4.0000000e-03
   4.0000000e-03
   4.0000000e-03
   4.0000000e-03
   4.0000000e-03
   4.0000000e-03
   4.0000000e-03
   4.0000000e-03
   4.0000000e-03
   4.0000000e-03
   4.0000000e-03
   4.0000000e-03
   3.9996000e-03
   3.9999000e-03
   4.0000000e-03
   4.0000000e-03
   4.0000000e-03
   4.0000000e-03
   4.0000000e-03
   4.0000000e-03
   4.0000000e-03
   4.0000000e-03
   4.0000000e-03
   4.0000000e-03
   4.0000000e-03
   4.0000000e-03
   4.0000000e-03
   4.0000000e-03
   4.0000000e-03
   4.0000000e-03
   4.0000000e-03
   4.0000000e-03
   4.0000000e-03
   4.0000000e-03
   4.0000000e-03
   6.0000000e-03
   6.0000000e-03
   6.0000000e-03
   6.0000000e-03
   6.0000000e-03
   6.0000000e-03
   6.0000000e-03
   6.0000000e-03
   6.0000000e-03
   6.0000000e-03
   6.0000000e-03
   6.0000000e-03
   6.0000000e-03
   6.0000000e-03
   6.0000000e-03
   6.0000000e-03
   6.0000000e-03
   6.0000000e-03
   6.0000000e-03
   6.0000000e-03
   6.0000000e-03
   6.0000000e-03
   6.0000000e-03
   6.0000000e-03
   6.0000000e-03
   6.0000000e-03
   6.0000000e-03
   5.9997000e-03
   5.9998000e-03
   5.9999000e-03
   5.9999000e-03
   6.0000000e-03
   6.0000000e-03
   6.0000000e-03
   6.0000000e-03
   6.0000000e-03
   6.0000000e-03
   6.0000000e-03
   6.0000000e-03
   6.0000000e-03
   6.0000000e-03
   6.0000000e-03
   6.0000000e-03
   6.0000000e-03
   6.0000000e-03
   6.0000000e-03
   6.0000000e-03
   6.0000000e-03
   6.0000000e-03
   6.0000000e-03
   8.0000000e-03
   8.0000000e-03
   8.0000000e-03
   8.0000000e-03
   8.0000000e-03
   8.0000000e-03
   8.0000000e-03
   8.0000000e-03
   8.0000000e-03
   8.0000000e-03
   8.0000000e-03
   8.0000000e-03
   8.0000000e-03
   8.0000000e-03
   8.0000000e-03
   8.0000000e-03
   8.0000000e-03
   8.0000000e-03
   8.0000000e-03
   8.0000000e-03
   8.0000000e-03
   8.0000000e-03
   8.0000000e-03
   8.0000000e-03
   8.0000000e-03
   8.0000000e-03
   8.0000000e-03
   7.9999000e-03
   7.9998000e-03
   7.9998000e-03
   7.9999000e-03
   7.9999000e-03
   8.0000000e-03
   8.0000000e-03
   8.0000000e-03
   8.0000000e-03
   8.0000000e-03
   8.0000000e-03
   8.0000000e-03
   8.0000000e-03
   8.0000000e-03
   8.0000000e-03
   8.0000000e-03
   8.0000000e-03
   8.0000000e-03
   8.0000000e-03
   8.0000000e-03
   8.0000000e-03
   8.0000000e-03
   8.0000000e-03
   1.0000000e-02
   1.0000000e-02
   1.0000000e-02
   1.0000000e-02
   1.0000000e-02
   1.0000000e-02
   1.0000000e-02
   1.0000000e-02
   1.0000000e-02
   1.0000000e-02
   1.0000000e-02
   1.0000000e-02
   1.0000000e-02
   1.0000000e-02
   1.0000000e-02
   1.0000000e-02
   1.0000000e-02
   1.0000000e-02
   1.0000000e-02
   1.0000000e-02
   1.0000000e-02
   1.0000000e-02
   1.0000000e-02
   1.0000000e-02
   1.0000000e-02
   1.0000000e-02
   1.0000000e-02
   1.0000000e-02
   9.9999000e-03
   9.9998000e-03
   9.9998000e-03
   9.9999000e-03
   9.9999000e-03
   1.0000000e-02
   1.0000000e-02
   1.0000000e-02
   1.0000000e-02
   1.0000000e-02
   1.0000000e-02
   1.0000000e-02
   1.0000000e-02
   1.0000000e-02
   1.0000000e-02
   1.0000000e-02
   1.0000000e-02
   1.0000000e-02
   1.0000000e-02
   1.0000000e-02
   1.0000000e-02
   1.0000000e-02
   1.2000000e-02
   1.2000000e-02
   1.2000000e-02
   1.2000000e-02
   1.2000000e-02
   1.2000000e-02
   1.2000000e-02
   1.2000000e-02
   1.2000000e-02
   1.2000000e-02
   1.1977000e-02
   1.1950000e-02
   1.1998000e-02
   1.2021000e-02
   1.2013000e-02
   1.1980000e-02
   1.1972000e-02
   1.1990000e-02
   1.2000000e-02
   1.2000000e-02
   1.2000000e-02
   1.2000000e-02
   1.2000000e-02
   1.2000000e-02
   1.2472000e-02
   1.2466000e-02
   1.2461000e-02
   1.2014000e-02
   1.2018000e-02
   1.2014000e-02
   1.2013000e-02
   1.2000000e-02
   1.2000000e-02
   1.2000000e-02
   1.2000000e-02
   1.2000000e-02
   1.2000000e-02
   1.2000000e-02
   1.2000000e-02
   1.2000000e-02
   1.2000000e-02
   1.2000000e-02
   1.2000000e-02
   1.2000000e-02
   1.2000000e-02
   1.2000000e-02
   1.2000000e-02
   1.2000000e-02
   1.2000000e-02
   1.2000000e-02
   1.4500000e-02
   1.4500000e-02
   1.4500000e-02
   1.4500000e-02
   1.4500000e-02
   1.4500000e-02
   1.4500000e-02
   1.4006000e-02
   1.4027000e-02
   1.4035000e-02
   1.3973000e-02
   1.4319000e-02
   1.4049000e-02
   1.4026000e-02
   1.4033000e-02
   1.4404000e-02
   1.3935000e-02
   1.3972000e-02
   1.4434000e-02
   1.4448000e-02
   1.4497000e-02
   1.4504000e-02
   1.4036000e-02
   1.4497000e-02
   1.4345000e-02
   1.4239000e-02
   1.4391000e-02
   1.4495000e-02
   1.4060000e-02
   1.4063000e-02
   1.4042000e-02
   1.4031000e-02
   1.4017000e-02
   1.4004000e-02
   1.4000000e-02
   1.4000000e-02
   1.4000000e-02
   1.4000000e-02
   1.4000000e-02
   1.4000000e-02
   1.4000000e-02
   1.4000000e-02
   1.4000000e-02
   1.4500000e-02
   1.4500000e-02
   1.4500000e-02
   1.4500000e-02
   1.4500000e-02
   1.4500000e-02
   1.4500000e-02
   1.6500000e-02
   1.6500000e-02
   1.6500000e-02
   1.6500000e-02
   1.6500000e-02
   1.6500000e-02
   1.6500000e-02
   1.6521000e-02
   1.6078000e-02
   1.6104000e-02
   1.6105000e-02
   1.6205000e-02
   1.6132000e-02
   1.6403000e-02
   1.6467000e-02
   1.6599000e-02
   1.6327000e-02
   1.6318000e-02
   1.6276000e-02
   1.6372000e-02
   1.6518000e-02
   1.6372000e-02
   1.6521000e-02
   1.6078000e-02
   1.6498000e-02
   1.6198000e-02
   1.6248000e-02
   1.6459000e-02
   1.6098000e-02
   1.6115000e-02
   1.6109000e-02
   1.6090000e-02
   1.6069000e-02
   1.6045000e-02
   1.6018000e-02
   1.6000000e-02
   1.6000000e-02
   1.6000000e-02
   1.6000000e-02
   1.6000000e-02
   1.6000000e-02
   1.6500000e-02
   1.6500000e-02
   1.6500000e-02
   1.6500000e-02
   1.6500000e-02
   1.6500000e-02
   1.6500000e-02
   1.6500000e-02
   1.6500000e-02
   1.8500000e-02
   1.8500000e-02
   1.8500000e-02
   1.8500000e-02
   1.8500000e-02
   1.8500000e-02
   1.8500000e-02
   1.8531000e-02
   1.8618000e-02
   1.8239000e-02
   1.8212000e-02
   1.8138000e-02
   1.8523000e-02
   1.8644000e-02
   1.8649000e-02
   1.8436000e-02
   1.8543000e-02
   1.8486000e-02
   1.8395000e-02
   1.8269000e-02
   1.8592000e-02
   1.8552000e-02
   1.8119000e-02
   1.8700000e-02
   1.8367000e-02
   1.8151000e-02
   1.8437000e-02
   1.8408000e-02
   1.8119000e-02
   1.8157000e-02
   1.8171000e-02
   1.8170000e-02
   1.8151000e-02
   1.8111000e-02
   1.8075000e-02
   1.8037000e-02
   1.8006000e-02
   1.8000000e-02
   1.8000000e-02
   1.8000000e-02
   1.8500000e-02
   1.8500000e-02
   1.8500000e-02
   1.8500000e-02
   1.8500000e-02
   1.8500000e-02
   1.8500000e-02
   1.8500000e-02
   1.8500000e-02
   1.8500000e-02
   2.0500000e-02
   2.0500000e-02
   2.0500000e-02
   2.0500000e-02
   2.0500000e-02
   2.0500000e-02
   2.0511000e-02
   2.0554000e-02
   2.0172000e-02
   2.0288000e-02
   2.0339000e-02
   2.0645000e-02
   2.0495000e-02
   2.0488000e-02
   2.0515000e-02
   2.0480000e-02
   2.0419000e-02
   2.0274000e-02
   2.0302000e-02
   2.0552000e-02
   2.0504000e-02
   2.0225000e-02
   2.0621000e-02
   2.0426000e-02
   2.0214000e-02
   2.0170000e-02
   2.0427000e-02
   2.0368000e-02
   2.0136000e-02
   2.0192000e-02
   2.0218000e-02
   2.0231000e-02
   2.0224000e-02
   2.0201000e-02
   2.0170000e-02
   2.0109000e-02
   2.0051000e-02
   2.0019000e-02
   2.0000000e-02
   2.0500000e-02
   2.0500000e-02
   2.0500000e-02
   2.0500000e-02
   2.0500000e-02
   2.0500000e-02
   2.0500000e-02
   2.0500000e-02
   2.0500000e-02
   2.0500000e-02
   2.0500000e-02
   2.2500000e-02
   2.2500000e-02
   2.2500000e-02
   2.2500000e-02
   2.2500000e-02
   2.2500000e-02
   2.2522000e-02
   2.2608000e-02
   2.2186000e-02
   2.2160000e-02
   2.2511000e-02
   2.2661000e-02
   2.2506000e-02
   2.2564000e-02
   2.2319000e-02
   2.2431000e-02
   2.2496000e-02
   2.2791000e-02
   2.2253000e-02
   2.2517000e-02
   2.2476000e-02
   2.2194000e-02
   2.2661000e-02
   2.2302000e-02
   2.2644000e-02
   2.2292000e-02
   2.2472000e-02
   2.2401000e-02
   2.2609000e-02
   2.2215000e-02
   2.2248000e-02
   2.2271000e-02
   2.2279000e-02
   2.2258000e-02
   2.2241000e-02
   2.2195000e-02
   2.2121000e-02
   2.2062000e-02
   2.2018000e-02
   2.2500000e-02
   2.2500000e-02
   2.2500000e-02
   2.2500000e-02
   2.2500000e-02
   2.2500000e-02
   2.2500000e-02
   2.2500000e-02
   2.2500000e-02
   2.2500000e-02
   2.2500000e-02
   2.4500000e-02
   2.4500000e-02
   2.4500000e-02
   2.4500000e-02
   2.4500000e-02
   2.4500000e-02
   2.4521000e-02
   2.4637000e-02
   2.4726000e-02
   2.4111000e-02
   2.4512000e-02
   2.4580000e-02
   2.4553000e-02
   2.4493000e-02
   2.4166000e-02
   2.4636000e-02
   2.4672000e-02
   2.4317000e-02
   2.4265000e-02
   2.4447000e-02
   2.4501000e-02
   2.4719000e-02
   2.4662000e-02
   2.4464000e-02
   2.4383000e-02
   2.4560000e-02
   2.4686000e-02
   2.4338000e-02
   2.4619000e-02
   2.4242000e-02
   2.4266000e-02
   2.4283000e-02
   2.4293000e-02
   2.4283000e-02
   2.4274000e-02
   2.4242000e-02
   2.4202000e-02
   2.4136000e-02
   2.4534000e-02
   2.4500000e-02
   2.4500000e-02
   2.4500000e-02
   2.4500000e-02
   2.4500000e-02
   2.4500000e-02
   2.4500000e-02
   2.4500000e-02
   2.4500000e-02
   2.4500000e-02
   2.4500000e-02
   2.6500000e-02
   2.6500000e-02
   2.6500000e-02
   2.6500000e-02
   2.6500000e-02
   2.6500000e-02
   2.6500000e-02
   2.6644000e-02
   2.6268000e-02
   2.6763000e-02
   2.6595000e-02
   2.6705000e-02
   2.6228000e-02
   2.6736000e-02
   2.6209000e-02
   2.6581000e-02
   2.6776000e-02
   2.6437000e-02
   2.6331000e-02
   2.6476000e-02
   2.6532000e-02
   2.6319000e-02
   2.6689000e-02
   2.6570000e-02
   2.6742000e-02
   2.6283000e-02
   2.6386000e-02
   2.6775000e-02
   2.6715000e-02
   2.6774000e-02
   2.6748000e-02
   2.6763000e-02
   2.6269000e-02
   2.6269000e-02
   2.6275000e-02
   2.6271000e-02
   2.6250000e-02
   2.6178000e-02
   2.6548000e-02
   2.6500000e-02
   2.6500000e-02
   2.6500000e-02
   2.6500000e-02
   2.6500000e-02
   2.6500000e-02
   2.6500000e-02
   2.6500000e-02
   2.6500000e-02
   2.6500000e-02
   2.6500000e-02
   2.8500000e-02
   2.8500000e-02
   2.8500000e-02
   2.8500000e-02
   2.8500000e-02
   2.8500000e-02
   2.8502000e-02
   2.8150000e-02
   2.8689000e-02
   2.8723000e-02
   2.8428000e-02
   2.8388000e-02
   2.8891000e-02
   2.8686000e-02
   2.8746000e-02
   2.8506000e-02
   2.8575000e-02
   2.8640000e-02
   2.8461000e-02
   2.8643000e-02
   2.8723000e-02
   2.8550000e-02
   2.8619000e-02
   2.8633000e-02
   2.8528000e-02
   2.8806000e-02
   2.8738000e-02
   2.8515000e-02
   2.8631000e-02
   2.8730000e-02
   2.8721000e-02
   2.8736000e-02
   2.8745000e-02
   2.8720000e-02
   2.8238000e-02
   2.8280000e-02
   2.8269000e-02
   2.8197000e-02
   2.8547000e-02
   2.8500000e-02
   2.8500000e-02
   2.8500000e-02
   2.8500000e-02
   2.8500000e-02
   2.8500000e-02
   2.8500000e-02
   2.8500000e-02
   2.8500000e-02
   2.8500000e-02
   2.8500000e-02
   3.0500000e-02
   3.0500000e-02
   3.0500000e-02
   3.0500000e-02
   3.0500000e-02
   3.0500000e-02
   3.0510000e-02
   3.1014000e-02
   3.0574000e-02
   3.0664000e-02
   3.0759000e-02
   3.0428000e-02
   3.0535000e-02
   3.0564000e-02
   3.0450000e-02
   3.0352000e-02
   3.0592000e-02
   3.0565000e-02
   3.0464000e-02
   3.0750000e-02
   3.0809000e-02
   3.0447000e-02
   3.0732000e-02
   3.0559000e-02
   3.0715000e-02
   3.0612000e-02
   3.0635000e-02
   3.0588000e-02
   3.0673000e-02
   3.0737000e-02
   3.0685000e-02
   3.0699000e-02
   3.0719000e-02
   3.0738000e-02
   3.0484000e-02
   3.0326000e-02
   3.0287000e-02
   3.0185000e-02
   3.1048000e-02
   3.1000000e-02
   3.0500000e-02
   3.0500000e-02
   3.0500000e-02
   3.0500000e-02
   3.0500000e-02
   3.0500000e-02
   3.0500000e-02
   3.0500000e-02
   3.0500000e-02
   3.0500000e-02
   3.2500000e-02
   3.2500000e-02
   3.2500000e-02
   3.2500000e-02
   3.2500000e-02
   3.2500000e-02
   3.2511000e-02
   3.2975000e-02
   3.2516000e-02
   3.2650000e-02
   3.2698000e-02
   3.2586000e-02
   3.2871000e-02
   3.2599000e-02
   3.2706000e-02
   3.2583000e-02
   3.2865000e-02
   3.2622000e-02
   3.2747000e-02
   3.2478000e-02
   3.2728000e-02
   3.2391000e-02
   3.2801000e-02
   3.2788000e-02
   3.2571000e-02
   3.2567000e-02
   3.2464000e-02
   3.2608000e-02
   3.2795000e-02
   3.2667000e-02
   3.2618000e-02
   3.2648000e-02
   3.2673000e-02
   3.2660000e-02
   3.2749000e-02
   3.2438000e-02
   3.2298000e-02
   3.3120000e-02
   3.3021000e-02
   3.3000000e-02
   3.3000000e-02
   3.2500000e-02
   3.2500000e-02
   3.2500000e-02
   3.2500000e-02
   3.2500000e-02
   3.2500000e-02
   3.2500000e-02
   3.2500000e-02
   3.2500000e-02
   3.4500000e-02
   3.4500000e-02
   3.4500000e-02
   3.4500000e-02
   3.4500000e-02
   3.4500000e-02
   3.4500000e-02
   3.4490000e-02
   3.4543000e-02
   3.4586000e-02
   3.4576000e-02
   3.4475000e-02
   3.4711000e-02
   3.4783000e-02
   3.4749000e-02
   3.4849000e-02
   3.4499000e-02
   3.4717000e-02
   3.5055000e-02
   3.4716000e-02
   3.4523000e-02
   3.4406000e-02
   3.4721000e-02
   3.4397000e-02
   3.4661000e-02
   3.4722000e-02
   3.4859000e-02
   3.4535000e-02
   3.4677000e-02
   3.4595000e-02
   3.5006000e-02
   3.4555000e-02
   3.4602000e-02
   3.4587000e-02
   3.4894000e-02
   3.4649000e-02
   3.4323000e-02
   3.5051000e-02
   3.5005000e-02
   3.5000000e-02
   3.5000000e-02
   3.5000000e-02
   3.4500000e-02
   3.4500000e-02
   3.4500000e-02
   3.4500000e-02
   3.4500000e-02
   3.4500000e-02
   3.4500000e-02
   3.4500000e-02
   3.6500000e-02
   3.6500000e-02
   3.6500000e-02
   3.6500000e-02
   3.6500000e-02
   3.6500000e-02
   3.6499000e-02
   3.6998000e-02
   3.7018000e-02
   3.6546000e-02
   3.6520000e-02
   3.6769000e-02
   3.6630000e-02
   3.7004000e-02
   3.6694000e-02
   3.6382000e-02
   3.6536000e-02
   3.6984000e-02
   3.6555000e-02
   3.7191000e-02
   3.6536000e-02
   3.6893000e-02
   3.6679000e-02
   3.6882000e-02
   3.6825000e-02
   3.6767000e-02
   3.6749000e-02
   3.6935000e-02
   3.6519000e-02
   3.7094000e-02
   3.6942000e-02
   3.6941000e-02
   3.6524000e-02
   3.6553000e-02
   3.6926000e-02
   3.6829000e-02
   3.6647000e-02
   3.7021000e-02
   3.7002000e-02
   3.7000000e-02
   3.7000000e-02
   3.7000000e-02
   3.7000000e-02
   3.6500000e-02
   3.6500000e-02
   3.6500000e-02
   3.6500000e-02
   3.6500000e-02
   3.6500000e-02
   3.6500000e-02
   3.9000000e-02
   3.9000000e-02
   3.9000000e-02
   3.9000000e-02
   3.9000000e-02
   3.8999000e-02
   3.8999000e-02
   3.9017000e-02
   3.9050000e-02
   3.8545000e-02
   3.8999000e-02
   3.9005000e-02
   3.9011000e-02
   3.9054000e-02
   3.8814000e-02
   3.9066000e-02
   3.8489000e-02
   3.8891000e-02
   3.8647000e-02
   3.8626000e-02
   3.8567000e-02
   3.8922000e-02
   3.9115000e-02
   3.8763000e-02
   3.8654000e-02
   3.8761000e-02
   3.8751000e-02
   3.8890000e-02
   3.8722000e-02
   3.8566000e-02
   3.8952000e-02
   3.8857000e-02
   3.8878000e-02
   3.8932000e-02
   3.8887000e-02
   3.8821000e-02
   3.8961000e-02
   3.8998000e-02
   3.9000000e-02
   3.9000000e-02
   3.9000000e-02
   3.9000000e-02
   3.9000000e-02
   3.9000000e-02
   3.9000000e-02
   3.9000000e-02
   3.9000000e-02
   3.9000000e-02
   3.9000000e-02
   3.9000000e-02
   4.1000000e-02
   4.1000000e-02
   4.1000000e-02
   4.1000000e-02
   4.1000000e-02
   4.0999000e-02
   4.0998000e-02
   4.1030000e-02
   4.1071000e-02
   4.0566000e-02
   4.0943000e-02
   4.0769000e-02
   4.0601000e-02
   4.1113000e-02
   4.0776000e-02
   4.0926000e-02
   4.0771000e-02
   4.0347000e-02
   4.0541000e-02
   4.0682000e-02
   4.1045000e-02
   4.0942000e-02
   4.0860000e-02
   4.0696000e-02
   4.0850000e-02
   4.0914000e-02
   4.0827000e-02
   4.0817000e-02
   4.0838000e-02
   4.0929000e-02
   4.0959000e-02
   4.0763000e-02
   4.0734000e-02
   4.0822000e-02
   4.0879000e-02
   4.0857000e-02
   4.0944000e-02
   4.0993000e-02
   4.1000000e-02
   4.1000000e-02
   4.1000000e-02
   4.1000000e-02
   4.1000000e-02
   4.1000000e-02
   4.1000000e-02
   4.1000000e-02
   4.1000000e-02
   4.1000000e-02
   4.1000000e-02
   4.1000000e-02
   4.3000000e-02
   4.3000000e-02
   4.3000000e-02
   4.3000000e-02
   4.2999000e-02
   4.2998000e-02
   4.2996000e-02
   4.3003000e-02
   4.3043000e-02
   4.3059000e-02
   4.2975000e-02
   4.3025000e-02
   4.2696000e-02
   4.2894000e-02
   4.3088000e-02
   4.2896000e-02
   4.2964000e-02
   4.3041000e-02
   4.2965000e-02
   4.2773000e-02
   4.3127000e-02
   4.2399000e-02
   4.2792000e-02
   4.2679000e-02
   4.2501000e-02
   4.2812000e-02
   4.2658000e-02
   4.3133000e-02
   4.2608000e-02
   4.2897000e-02
   4.3010000e-02
   4.3048000e-02
   4.2709000e-02
   4.2759000e-02
   4.2640000e-02
   4.2854000e-02
   4.2946000e-02
   4.2991000e-02
   4.3000000e-02
   4.3000000e-02
   4.3000000e-02
   4.3000000e-02
   4.3000000e-02
   4.3000000e-02
   4.3000000e-02
   4.3000000e-02
   4.3000000e-02
   4.3000000e-02
   4.3000000e-02
   4.3000000e-02
   4.5000000e-02
   4.5000000e-02
   4.5000000e-02
   4.4999000e-02
   4.4998000e-02
   4.4996000e-02
   4.5013000e-02
   4.5045000e-02
   4.4949000e-02
   4.4983000e-02
   4.4949000e-02
   4.4755000e-02
   4.4898000e-02
   4.4971000e-02
   4.4622000e-02
   4.4859000e-02
   4.4790000e-02
   4.4830000e-02
   4.4893000e-02
   4.4838000e-02
   4.5119000e-02
   4.4998000e-02
   4.4568000e-02
   4.5025000e-02
   4.5203000e-02
   4.4744000e-02
   4.4848000e-02
   4.4747000e-02
   4.4866000e-02
   4.4936000e-02
   4.5093000e-02
   4.4886000e-02
   4.5154000e-02
   4.4672000e-02
   4.4662000e-02
   4.4819000e-02
   4.4935000e-02
   4.4982000e-02
   4.4998000e-02
   4.5000000e-02
   4.5000000e-02
   4.5000000e-02
   4.5000000e-02
   4.5000000e-02
   4.5000000e-02
   4.5000000e-02
   4.5000000e-02
   4.5000000e-02
   4.5000000e-02
   4.5000000e-02
   4.7000000e-02
   4.7000000e-02
   4.7000000e-02
   4.6999000e-02
   4.6997000e-02
   4.6994000e-02
   4.7028000e-02
   4.6814000e-02
   4.6843000e-02
   4.6882000e-02
   4.6867000e-02
   4.6858000e-02
   4.6852000e-02
   4.6799000e-02
   4.7005000e-02
   4.6649000e-02
   4.6791000e-02
   4.6881000e-02
   4.6993000e-02
   4.6975000e-02
   4.6812000e-02
   4.6559000e-02
   4.7035000e-02
   4.7012000e-02
   4.7257000e-02
   4.6904000e-02
   4.6872000e-02
   4.7204000e-02
   4.7183000e-02
   4.6884000e-02
   4.7130000e-02
   4.6978000e-02
   4.7105000e-02
   4.6634000e-02
   4.7168000e-02
   4.6762000e-02
   4.6884000e-02
   4.6958000e-02
   4.6995000e-02
   4.7000000e-02
   4.7000000e-02
   4.7000000e-02
   4.7000000e-02
   4.7000000e-02
   4.7000000e-02
   4.7000000e-02
   4.7000000e-02
   4.7000000e-02
   4.7000000e-02
   4.7000000e-02
   4.9000000e-02
   4.9000000e-02
   4.8999000e-02
   4.8997000e-02
   4.8994000e-02
   4.8989000e-02
   4.8977000e-02
   4.8803000e-02
   4.9191000e-02
   4.8817000e-02
   4.8794000e-02
   4.9119000e-02
   4.8891000e-02
   4.8906000e-02
   4.8750000e-02
   4.9040000e-02
   4.9064000e-02
   4.8928000e-02
   4.9007000e-02
   4.9120000e-02
   4.9154000e-02
   4.8896000e-02
   4.8661000e-02
   4.9209000e-02
   4.9040000e-02
   4.9176000e-02
   4.9147000e-02
   4.9181000e-02
   4.9328000e-02
   4.8859000e-02
   4.9242000e-02
   4.9077000e-02
   4.9113000e-02
   4.9121000e-02
   4.9124000e-02
   4.9174000e-02
   4.8820000e-02
   4.8924000e-02
   4.8982000e-02
   4.9000000e-02
   4.9000000e-02
   4.9000000e-02
   4.9000000e-02
   4.9000000e-02
   4.9000000e-02
   4.9000000e-02
   4.9000000e-02
   4.9000000e-02
   4.9000000e-02
   4.9000000e-02
   5.1000000e-02
   5.1000000e-02
   5.0998000e-02
   5.0994000e-02
   5.0992000e-02
   5.0990000e-02
   5.0932000e-02
   5.0818000e-02
   5.0743000e-02
   5.0768000e-02
   5.1263000e-02
   5.1049000e-02
   5.1000000e-02
   5.1147000e-02
   5.1096000e-02
   5.1201000e-02
   5.0931000e-02
   5.0994000e-02
   5.0878000e-02
   5.1080000e-02
   5.0886000e-02
   5.0987000e-02
   5.0920000e-02
   5.1011000e-02
   5.0673000e-02
   5.1297000e-02
   5.0996000e-02
   5.1084000e-02
   5.1351000e-02
   5.0671000e-02
   5.0953000e-02
   5.1059000e-02
   5.1079000e-02
   5.1080000e-02
   5.1076000e-02
   5.1109000e-02
   5.0752000e-02
   5.0889000e-02
   5.0967000e-02
   5.1000000e-02
   5.1000000e-02
   5.1000000e-02
   5.1000000e-02
   5.1000000e-02
   5.1000000e-02
   5.1000000e-02
   5.1000000e-02
   5.1000000e-02
   5.1000000e-02
   5.1000000e-02
   5.3000000e-02
   5.2999000e-02
   5.2995000e-02
   5.2991000e-02
   5.2990000e-02
   5.2992000e-02
   5.2926000e-02
   5.2828000e-02
   5.2763000e-02
   5.2749000e-02
   5.2732000e-02
   5.2717000e-02
   5.3151000e-02
   5.3181000e-02
   5.3044000e-02
   5.3119000e-02
   5.3032000e-02
   5.2942000e-02
   5.3106000e-02
   5.2986000e-02
   5.2940000e-02
   5.2980000e-02
   5.3081000e-02
   5.3236000e-02
   5.3110000e-02
   5.2866000e-02
   5.3261000e-02
   5.3235000e-02
   5.3070000e-02
   5.3123000e-02
   5.3072000e-02
   5.3036000e-02
   5.3048000e-02
   5.3055000e-02
   5.3056000e-02
   5.3075000e-02
   5.3155000e-02
   5.2837000e-02
   5.2952000e-02
   5.2997000e-02
   5.3000000e-02
   5.3000000e-02
   5.3000000e-02
   5.3000000e-02
   5.3000000e-02
   5.3000000e-02
   5.3000000e-02
   5.3000000e-02
   5.3000000e-02
   5.3000000e-02
   5.5000000e-02
   5.4997000e-02
   5.4989000e-02
   5.4987000e-02
   5.4991000e-02
   5.4994000e-02
   5.4940000e-02
   5.4836000e-02
   5.4752000e-02
   5.4728000e-02
   5.4734000e-02
   5.4819000e-02
   5.5092000e-02
   5.4993000e-02
   5.5060000e-02
   5.5277000e-02
   5.5240000e-02
   5.5113000e-02
   5.4768000e-02
   5.4944000e-02
   5.4992000e-02
   5.4812000e-02
   5.5153000e-02
   5.4998000e-02
   5.5233000e-02
   5.5045000e-02
   5.4997000e-02
   5.5148000e-02
   5.5121000e-02
   5.5092000e-02
   5.5064000e-02
   5.5055000e-02
   5.5056000e-02
   5.5056000e-02
   5.5056000e-02
   5.5058000e-02
   5.5125000e-02
   5.4804000e-02
   5.4942000e-02
   5.4997000e-02
   5.5000000e-02
   5.5000000e-02
   5.5000000e-02
   5.5000000e-02
   5.5000000e-02
   5.5000000e-02
   5.5000000e-02
   5.5000000e-02
   5.5000000e-02
   5.5000000e-02
   5.7000000e-02
   5.6988000e-02
   5.6983000e-02
   5.6989000e-02
   5.6995000e-02
   5.6998000e-02
   5.6962000e-02
   5.6860000e-02
   5.6783000e-02
   5.7258000e-02
   5.7265000e-02
   5.6847000e-02
   5.6985000e-02
   5.7200000e-02
   5.7504000e-02
   5.7562000e-02
   5.7426000e-02
   5.7143000e-02
   5.7222000e-02
   5.6948000e-02
   5.6989000e-02
   5.7254000e-02
   5.7319000e-02
   5.7199000e-02
   5.7343000e-02
   5.7120000e-02
   5.7391000e-02
   5.7365000e-02
   5.7195000e-02
   5.7127000e-02
   5.7077000e-02
   5.7058000e-02
   5.7056000e-02
   5.7056000e-02
   5.7056000e-02
   5.7061000e-02
   5.7129000e-02
   5.6803000e-02
   5.6951000e-02
   5.6997000e-02
   5.7000000e-02
   5.7000000e-02
   5.7000000e-02
   5.7000000e-02
   5.7000000e-02
   5.7000000e-02
   5.7000000e-02
   5.7000000e-02
   5.7000000e-02
   5.7000000e-02
   5.9000000e-02
   5.8988000e-02
   5.8988000e-02
   5.8997000e-02
   5.8999000e-02
   5.9000000e-02
   5.8998000e-02
   5.8905000e-02
   5.9349000e-02
   5.9287000e-02
   5.9293000e-02
   5.9329000e-02
   5.8977000e-02
   5.9271000e-02
   5.9239000e-02
   5.9213000e-02
   5.9057000e-02
   5.9251000e-02
   5.9172000e-02
   5.9419000e-02
   5.8923000e-02
   5.8737000e-02
   5.9382000e-02
   5.9533000e-02
   5.9012000e-02
   5.9147000e-02
   5.9390000e-02
   5.9069000e-02
   5.9290000e-02
   5.9191000e-02
   5.9123000e-02
   5.9081000e-02
   5.9065000e-02
   5.9059000e-02
   5.9057000e-02
   5.9069000e-02
   5.9161000e-02
   5.8833000e-02
   5.8967000e-02
   5.9000000e-02
   5.9000000e-02
   5.9000000e-02
   5.9000000e-02
   5.9000000e-02
   5.9000000e-02
   5.9000000e-02
   5.9000000e-02
   5.9000000e-02
   5.9000000e-02
   5.9000000e-02
   6.1000000e-02
   6.1000000e-02
   6.1000000e-02
   6.1000000e-02
   6.1000000e-02
   6.1000000e-02
   6.1010000e-02
   6.0956000e-02
   6.1407000e-02
   6.1330000e-02
   6.1320000e-02
   6.1335000e-02
   6.0952000e-02
   6.1123000e-02
   6.1353000e-02
   6.0997000e-02
   6.1336000e-02
   6.1030000e-02
   6.1009000e-02
   6.1289000e-02
   6.1242000e-02
   6.1334000e-02
   6.0916000e-02
   6.1186000e-02
   6.1395000e-02
   6.1174000e-02
   6.1427000e-02
   6.1090000e-02
   6.1403000e-02
   6.1264000e-02
   6.1183000e-02
   6.1128000e-02
   6.1092000e-02
   6.1072000e-02
   6.1063000e-02
   6.1103000e-02
   6.1221000e-02
   6.0891000e-02
   6.0988000e-02
   6.1000000e-02
   6.1000000e-02
   6.1000000e-02
   6.1000000e-02
   6.1000000e-02
   6.1000000e-02
   6.1000000e-02
   6.1000000e-02
   6.1000000e-02
   6.1000000e-02
   6.1000000e-02
   6.3500000e-02
   6.3500000e-02
   6.3500000e-02
   6.3500000e-02
   6.3500000e-02
   6.3500000e-02
   6.3500000e-02
   6.3494000e-02
   6.3449000e-02
   6.3387000e-02
   6.3342000e-02
   6.3335000e-02
   6.3368000e-02
   6.3076000e-02
   6.3402000e-02
   6.3398000e-02
   6.3183000e-02
   6.2869000e-02
   6.3352000e-02
   6.3197000e-02
   6.3423000e-02
   6.3092000e-02
   6.3418000e-02
   6.2881000e-02
   6.3204000e-02
   6.3142000e-02
   6.3435000e-02
   6.3235000e-02
   6.3513000e-02
   6.3364000e-02
   6.3250000e-02
   6.3180000e-02
   6.3133000e-02
   6.3099000e-02
   6.3093000e-02
   6.3171000e-02
   6.3301000e-02
   6.2942000e-02
   6.2995000e-02
   6.3000000e-02
   6.3000000e-02
   6.3000000e-02
   6.3000000e-02
   6.3500000e-02
   6.3500000e-02
   6.3500000e-02
   6.3500000e-02
   6.3500000e-02
   6.3500000e-02
   6.3500000e-02
   6.5500000e-02
   6.5500000e-02
   6.5500000e-02
   6.5500000e-02
   6.5500000e-02
   6.5500000e-02
   6.5500000e-02
   6.5500000e-02
   6.5482000e-02
   6.5432000e-02
   6.5363000e-02
   6.5337000e-02
   6.5345000e-02
   6.5401000e-02
   6.5470000e-02
   6.5365000e-02
   6.5459000e-02
   6.5518000e-02
   6.5140000e-02
   6.5195000e-02
   6.5135000e-02
   6.5531000e-02
   6.5106000e-02
   6.5474000e-02
   6.5013000e-02
   6.5630000e-02
   6.5442000e-02
   6.5314000e-02
   6.5117000e-02
   6.5488000e-02
   6.5348000e-02
   6.5247000e-02
   6.5186000e-02
   6.5144000e-02
   6.5157000e-02
   6.5254000e-02
   6.5388000e-02
   6.4980000e-02
   6.5000000e-02
   6.5000000e-02
   6.5000000e-02
   6.5000000e-02
   6.5500000e-02
   6.5500000e-02
   6.5500000e-02
   6.5500000e-02
   6.5500000e-02
   6.5500000e-02
   6.5500000e-02
   6.5500000e-02
   6.7500000e-02
   6.7500000e-02
   6.7500000e-02
   6.7500000e-02
   6.7500000e-02
   6.7500000e-02
   6.7500000e-02
   6.7500000e-02
   6.7494000e-02
   6.7463000e-02
   6.7386000e-02
   6.7339000e-02
   6.7332000e-02
   6.7357000e-02
   6.7451000e-02
   6.7327000e-02
   6.7206000e-02
   6.7233000e-02
   6.7249000e-02
   6.7494000e-02
   6.7572000e-02
   6.7210000e-02
   6.7648000e-02
   6.7223000e-02
   6.7771000e-02
   6.7554000e-02
   6.7435000e-02
   6.7367000e-02
   6.7249000e-02
   6.7105000e-02
   6.7486000e-02
   6.7353000e-02
   6.7262000e-02
   6.7220000e-02
   6.7242000e-02
   6.7343000e-02
   6.6948000e-02
   6.6995000e-02
   6.7000000e-02
   6.7000000e-02
   6.7000000e-02
   6.7500000e-02
   6.7500000e-02
   6.7500000e-02
   6.7500000e-02
   6.7500000e-02
   6.7500000e-02
   6.7500000e-02
   6.7500000e-02
   6.7500000e-02
   6.9500000e-02
   6.9500000e-02
   6.9500000e-02
   6.9500000e-02
   6.9500000e-02
   6.9500000e-02
   6.9500000e-02
   6.9500000e-02
   6.9498000e-02
   6.9476000e-02
   6.9411000e-02
   6.9354000e-02
   6.9335000e-02
   6.9334000e-02
   6.9411000e-02
   6.9186000e-02
   6.9516000e-02
   6.9371000e-02
   6.9478000e-02
   6.9529000e-02
   6.9237000e-02
   6.9724000e-02
   6.9361000e-02
   6.8996000e-02
   6.9645000e-02
   6.9491000e-02
   6.9423000e-02
   6.9388000e-02
   6.9317000e-02
   6.9203000e-02
   6.9591000e-02
   6.9473000e-02
   6.9363000e-02
   6.9317000e-02
   6.9338000e-02
   6.9422000e-02
   6.8981000e-02
   6.9000000e-02
   6.9000000e-02
   6.9000000e-02
   6.9495000e-02
   6.9500000e-02
   6.9500000e-02
   6.9500000e-02
   6.9500000e-02
   6.9500000e-02
   6.9500000e-02
   6.9500000e-02
   6.9500000e-02
   6.9500000e-02
   7.1500000e-02
   7.1500000e-02
   7.1500000e-02
   7.1500000e-02
   7.1500000e-02
   7.1500000e-02
   7.1500000e-02
   7.1500000e-02
   7.1500000e-02
   7.1489000e-02
   7.1446000e-02
   7.1381000e-02
   7.1343000e-02
   7.1344000e-02
   7.1389000e-02
   7.1078000e-02
   7.1294000e-02
   7.1518000e-02
   7.1183000e-02
   7.1319000e-02
   7.1661000e-02
   7.1411000e-02
   7.1093000e-02
   7.1659000e-02
   7.1529000e-02
   7.1445000e-02
   7.1418000e-02
   7.1398000e-02
   7.1340000e-02
   7.1244000e-02
   7.1641000e-02
   7.1536000e-02
   7.1452000e-02
   7.1414000e-02
   7.1439000e-02
   7.1478000e-02
   7.0979000e-02
   7.0979000e-02
   7.0984000e-02
   7.1480000e-02
   7.1482000e-02
   7.1500000e-02
   7.1500000e-02
   7.1500000e-02
   7.1500000e-02
   7.1500000e-02
   7.1500000e-02
   7.1500000e-02
   7.1500000e-02
   7.1500000e-02
   7.3500000e-02
   7.3500000e-02
   7.3500000e-02
   7.3500000e-02
   7.3500000e-02
   7.3500000e-02
   7.3500000e-02
   7.3500000e-02
   7.3500000e-02
   7.3497000e-02
   7.3469000e-02
   7.3410000e-02
   7.3368000e-02
   7.3369000e-02
   7.3914000e-02
   7.3007000e-02
   7.3146000e-02
   7.3278000e-02
   7.3301000e-02
   7.3578000e-02
   7.3637000e-02
   7.3158000e-02
   7.3862000e-02
   7.3422000e-02
   7.3421000e-02
   7.3392000e-02
   7.3375000e-02
   7.3356000e-02
   7.3305000e-02
   7.3233000e-02
   7.3641000e-02
   7.3570000e-02
   7.3510000e-02
   7.3484000e-02
   7.3490000e-02
   7.3500000e-02
   7.3497000e-02
   7.2990000e-02
   7.3490000e-02
   7.3490000e-02
   7.3491000e-02
   7.3500000e-02
   7.3500000e-02
   7.3500000e-02
   7.3500000e-02
   7.3500000e-02
   7.3500000e-02
   7.3500000e-02
   7.3500000e-02
   7.3500000e-02
   7.5500000e-02
   7.5500000e-02
   7.5500000e-02
   7.5500000e-02
   7.5500000e-02
   7.5500000e-02
   7.5500000e-02
   7.5500000e-02
   7.5500000e-02
   7.5500000e-02
   7.5486000e-02
   7.5453000e-02
   7.5408000e-02
   7.5921000e-02
   7.5946000e-02
   7.5490000e-02
   7.5535000e-02
   7.5573000e-02
   7.5573000e-02
   7.5518000e-02
   7.5512000e-02
   7.5481000e-02
   7.5448000e-02
   7.5699000e-02
   7.5282000e-02
   7.5746000e-02
   7.5750000e-02
   7.5739000e-02
   7.5718000e-02
   7.5668000e-02
   7.5604000e-02
   7.5553000e-02
   7.5519000e-02
   7.5500000e-02
   7.5500000e-02
   7.5500000e-02
   7.5500000e-02
   7.5998000e-02
   7.5496000e-02
   7.5496000e-02
   7.5497000e-02
   7.5500000e-02
   7.5500000e-02
   7.5500000e-02
   7.5500000e-02
   7.5500000e-02
   7.5500000e-02
   7.5500000e-02
   7.5500000e-02
   7.5500000e-02
   7.7500000e-02
   7.7500000e-02
   7.7500000e-02
   7.7500000e-02
   7.7500000e-02
   7.7500000e-02
   7.7500000e-02
   7.7500000e-02
   7.7500000e-02
   7.7500000e-02
   7.7496000e-02
   7.7983000e-02
   7.7970000e-02
   7.7982000e-02
   7.7986000e-02
   7.7500000e-02
   7.7500000e-02
   7.7507000e-02
   7.7506000e-02
   7.7500000e-02
   7.7500000e-02
   7.7483000e-02
   7.7481000e-02
   7.7557000e-02
   7.7609000e-02
   7.7629000e-02
   7.7636000e-02
   7.7633000e-02
   7.7619000e-02
   7.7589000e-02
   7.7544000e-02
   7.7520000e-02
   7.7504000e-02
   7.7500000e-02
   7.7500000e-02
   7.7500000e-02
   7.8000000e-02
   7.8000000e-02
   7.7999000e-02
   7.7499000e-02
   7.7499000e-02
   7.7500000e-02
   7.7500000e-02
   7.7500000e-02
   7.7500000e-02
   7.7500000e-02
   7.7500000e-02
   7.7500000e-02
   7.7500000e-02
   7.7500000e-02
   7.9500000e-02
   7.9500000e-02
   7.9500000e-02
   7.9500000e-02
   7.9500000e-02
   7.9500000e-02
   7.9500000e-02
   7.9500000e-02
   7.9500000e-02
   7.9500000e-02
   7.9500000e-02
   8.0000000e-02
   8.0000000e-02
   8.0000000e-02
   8.0000000e-02
   7.9500000e-02
   7.9500000e-02
   7.9500000e-02
   7.9500000e-02
   7.9500000e-02
   7.9500000e-02
   7.9500000e-02
   7.9500000e-02
   7.9506000e-02
   7.9525000e-02
   7.9542000e-02
   7.9540000e-02
   7.9538000e-02
   7.9531000e-02
   7.9525000e-02
   7.9505000e-02
   7.9500000e-02
   7.9500000e-02
   7.9500000e-02
   7.9500000e-02
   8.0000000e-02
   8.0000000e-02
   8.0000000e-02
   8.0000000e-02
   7.9500000e-02
   7.9500000e-02
   7.9500000e-02
   7.9500000e-02
   7.9500000e-02
   7.9500000e-02
   7.9500000e-02
   7.9500000e-02
   7.9500000e-02
   7.9500000e-02
   7.9500000e-02
   8.1500000e-02
   8.1500000e-02
   8.1500000e-02
   8.1500000e-02
   8.1500000e-02
   8.1500000e-02
   8.1500000e-02
   8.1500000e-02
   8.1500000e-02
   8.1500000e-02
   8.2000000e-02
   8.2000000e-02
   8.2000000e-02
   8.2000000e-02
   8.2000000e-02
   8.2000000e-02
   8.1500000e-02
   8.1500000e-02
   8.1500000e-02
   8.1500000e-02
   8.1500000e-02
   8.1500000e-02
   8.1500000e-02
   8.1500000e-02
   8.1500000e-02
   8.1500000e-02
   8.1500000e-02
   8.1500000e-02
   8.1500000e-02
   8.1500000e-02
   8.1500000e-02
   8.1500000e-02
   8.1500000e-02
   8.1500000e-02
   8.2000000e-02
   8.2000000e-02
   8.2000000e-02
   8.2000000e-02
   8.2000000e-02
   8.2000000e-02
   8.2000000e-02
   8.1500000e-02
   8.1500000e-02
   8.1500000e-02
   8.1500000e-02
   8.1500000e-02
   8.1500000e-02
   8.1500000e-02
   8.1500000e-02
   8.1500000e-02
   8.3500000e-02
   8.3500000e-02
   8.3500000e-02
   8.3500000e-02
   8.3500000e-02
   8.3500000e-02
   8.3500000e-02
   8.3500000e-02
   8.4000000e-02
   8.4000000e-02
   8.4000000e-02
   8.4000000e-02
   8.4000000e-02
   8.4000000e-02
   8.4000000e-02
   8.4000000e-02
   8.4000000e-02
   8.3500000e-02
   8.3500000e-02
   8.3500000e-02
   8.3500000e-02
   8.3500000e-02
   8.3500000e-02
   8.3500000e-02
   8.3500000e-02
   8.3500000e-02
   8.3500000e-02
   8.3500000e-02
   8.3500000e-02
   8.3500000e-02
   8.3500000e-02
   8.3500000e-02
   8.3500000e-02
   8.4000000e-02
   8.4000000e-02
   8.4000000e-02
   8.4000000e-02
   8.4000000e-02
   8.4000000e-02
   8.4000000e-02
   8.4000000e-02
   8.4000000e-02
   8.3500000e-02
   8.3500000e-02
   8.3500000e-02
   8.3500000e-02
   8.3500000e-02
   8.3500000e-02
   8.3500000e-02
   8.3500000e-02
   8.5500000e-02
   8.5500000e-02
   8.5500000e-02
   8.5500000e-02
   8.5500000e-02
   8.5500000e-02
   8.5500000e-02
   8.5500000e-02
   8.6000000e-02
   8.6000000e-02
   8.6000000e-02
   8.6000000e-02
   8.6000000e-02
   8.6000000e-02
   8.6000000e-02
   8.6000000e-02
   8.6000000e-02
   8.6000000e-02
   8.5500000e-02
   8.5500000e-02
   8.5500000e-02
   8.5500000e-02
   8.5500000e-02
   8.5500000e-02
   8.5500000e-02
   8.5500000e-02
   8.5500000e-02
   8.5500000e-02
   8.5500000e-02
   8.5500000e-02
   8.5500000e-02
   8.5500000e-02
   8.6000000e-02
   8.6000000e-02
   8.6000000e-02
   8.6000000e-02
   8.6000000e-02
   8.6000000e-02
   8.6000000e-02
   8.6000000e-02
   8.6000000e-02
   8.6000000e-02
   8.6000000e-02
   8.5500000e-02
   8.5500000e-02
   8.5500000e-02
   8.5500000e-02
   8.5500000e-02
   8.5500000e-02
   8.5500000e-02
   8.8000000e-02
   8.8000000e-02
   8.8000000e-02
   8.8000000e-02
   8.8000000e-02
   8.8000000e-02
   8.8000000e-02
   8.8000000e-02
   8.8000000e-02
   8.8000000e-02
   8.8000000e-02
   8.8000000e-02
   8.8000000e-02
   8.8000000e-02
   8.8000000e-02
   8.8000000e-02
   8.8000000e-02
   8.8000000e-02
   8.8000000e-02
   8.8000000e-02
   8.8000000e-02
   8.8000000e-02
   8.8000000e-02
   8.8000000e-02
   8.8000000e-02
   8.8000000e-02
   8.8000000e-02
   8.8000000e-02
   8.8000000e-02
   8.8000000e-02
   8.8000000e-02
   8.8000000e-02
   8.8000000e-02
   8.8000000e-02
   8.8000000e-02
   8.8000000e-02
   8.8000000e-02
   8.8000000e-02
   8.8000000e-02
   8.8000000e-02
   8.8000000e-02
   8.8000000e-02
   8.8000000e-02
   8.8000000e-02
   8.8000000e-02
   8.8000000e-02
   8.8000000e-02
   8.8000000e-02
   8.8000000e-02
   8.8000000e-02
   9.0000000e-02
   9.0000000e-02
   9.0000000e-02
   9.0000000e-02
   9.0000000e-02
   9.0000000e-02
   9.0000000e-02
   9.0000000e-02
   9.0000000e-02
   9.0000000e-02
   9.0000000e-02
   9.0000000e-02
   9.0000000e-02
   9.0000000e-02
   9.0000000e-02
   9.0000000e-02
   9.0000000e-02
   9.0000000e-02
   9.0000000e-02
   9.0000000e-02
   9.0000000e-02
   9.0000000e-02
   9.0000000e-02
   9.0000000e-02
   9.0000000e-02
   9.0000000e-02
   9.0000000e-02
   9.0000000e-02
   9.0000000e-02
   9.0000000e-02
   9.0000000e-02
   9.0000000e-02
   9.0000000e-02
   9.0000000e-02
   9.0000000e-02
   9.0000000e-02
   9.0000000e-02
   9.0000000e-02
   9.0000000e-02
   9.0000000e-02
   9.0000000e-02
   9.0000000e-02
   9.0000000e-02
   9.0000000e-02
   9.0000000e-02
   9.0000000e-02
   9.0000000e-02
   9.0000000e-02
   9.0000000e-02
   9.0000000e-02
   9.2000000e-02
   9.2000000e-02
   9.2000000e-02
   9.2000000e-02
   9.2000000e-02
   9.2000000e-02
   9.2000000e-02
   9.2000000e-02
   9.2000000e-02
   9.2000000e-02
   9.2000000e-02
   9.2000000e-02
   9.2000000e-02
   9.2000000e-02
   9.2000000e-02
   9.2000000e-02
   9.2000000e-02
   9.2000000e-02
   9.2000000e-02
   9.2000000e-02
   9.2000000e-02
   9.2000000e-02
   9.2000000e-02
   9.2000000e-02
   9.2000000e-02
   9.2000000e-02
   9.2000000e-02
   9.2000000e-02
   9.2000000e-02
   9.2000000e-02
   9.2000000e-02
   9.2000000e-02
   9.2000000e-02
   9.2000000e-02
   9.2000000e-02
   9.2000000e-02
   9.2000000e-02
   9.2000000e-02
   9.2000000e-02
   9.2000000e-02
   9.2000000e-02
   9.2000000e-02
   9.2000000e-02
   9.2000000e-02
   9.2000000e-02
   9.2000000e-02
   9.2000000e-02
   9.2000000e-02
   9.2000000e-02
   9.2000000e-02
   9.4000000e-02
   9.4000000e-02
   9.4000000e-02
   9.4000000e-02
   9.4000000e-02
   9.4000000e-02
   9.4000000e-02
   9.4000000e-02
   9.4000000e-02
   9.4000000e-02
   9.4000000e-02
   9.4000000e-02
   9.4000000e-02
   9.4000000e-02
   9.4000000e-02
   9.4000000e-02
   9.4000000e-02
   9.4000000e-02
   9.4000000e-02
   9.4000000e-02
   9.4000000e-02
   9.4000000e-02
   9.4000000e-02
   9.4000000e-02
   9.4000000e-02
   9.4000000e-02
   9.4000000e-02
   9.4000000e-02
   9.4000000e-02
   9.4000000e-02
   9.4000000e-02
   9.4000000e-02
   9.4000000e-02
   9.4000000e-02
   9.4000000e-02
   9.4000000e-02
   9.4000000e-02
   9.4000000e-02
   9.4000000e-02
   9.4000000e-02
   9.4000000e-02
   9.4000000e-02
   9.4000000e-02
   9.4000000e-02
   9.4000000e-02
   9.4000000e-02
   9.4000000e-02
   9.4000000e-02
   9.4000000e-02
   9.4000000e-02
   9.6000000e-02
   9.6000000e-02
   9.6000000e-02
   9.6000000e-02
   9.6000000e-02
   9.6000000e-02
   9.6000000e-02
   9.6000000e-02
   9.6000000e-02
   9.6000000e-02
   9.6000000e-02
   9.6000000e-02
   9.6000000e-02
   9.6000000e-02
   9.6000000e-02
   9.6000000e-02
   9.6000000e-02
   9.6000000e-02
   9.6000000e-02
   9.6000000e-02
   9.6000000e-02
   9.6000000e-02
   9.6000000e-02
   9.6000000e-02
   9.6000000e-02
   9.6000000e-02
   9.6000000e-02
   9.6000000e-02
   9.6000000e-02
   9.6000000e-02
   9.6000000e-02
   9.6000000e-02
   9.6000000e-02
   9.6000000e-02
   9.6000000e-02
   9.6000000e-02
   9.6000000e-02
   9.6000000e-02
   9.6000000e-02
   9.6000000e-02
   9.6000000e-02
   9.6000000e-02
   9.6000000e-02
   9.6000000e-02
   9.6000000e-02
   9.6000000e-02
   9.6000000e-02
   9.6000000e-02
   9.6000000e-02
   9.6000000e-02
   9.8000000e-02
   9.8000000e-02
   9.8000000e-02
   9.8000000e-02
   9.8000000e-02
   9.8000000e-02
   9.8000000e-02
   9.8000000e-02
   9.8000000e-02
   9.8000000e-02
   9.8000000e-02
   9.8000000e-02
   9.8000000e-02
   9.8000000e-02
   9.8000000e-02
   9.8000000e-02
   9.8000000e-02
   9.8000000e-02
   9.8000000e-02
   9.8000000e-02
   9.8000000e-02
   9.8000000e-02
   9.8000000e-02
   9.8000000e-02
   9.8000000e-02
   9.8000000e-02
   9.8000000e-02
   9.8000000e-02
   9.8000000e-02
   9.8000000e-02
   9.8000000e-02
   9.8000000e-02
   9.8000000e-02
   9.8000000e-02
   9.8000000e-02
   9.8000000e-02
   9.8000000e-02
   9.8000000e-02
   9.8000000e-02
   9.8000000e-02
   9.8000000e-02
   9.8000000e-02
   9.8000000e-02
   9.8000000e-02
   9.8000000e-02
   9.8000000e-02
   9.8000000e-02
   9.8000000e-02
   9.8000000e-02
   9.8000000e-02
   1.0000000e-01
   1.0000000e-01
   1.0000000e-01
   1.0000000e-01
   1.0000000e-01
   1.0000000e-01
   1.0000000e-01
   1.0000000e-01
   1.0000000e-01
   1.0000000e-01
   1.0000000e-01
   1.0000000e-01
   1.0000000e-01
   1.0000000e-01
   1.0000000e-01
   1.0000000e-01
   1.0000000e-01
   1.0000000e-01
   1.0000000e-01
   1.0000000e-01
   1.0000000e-01
   1.0000000e-01
   1.0000000e-01
   1.0000000e-01
   1.0000000e-01
   1.0000000e-01
   1.0000000e-01
   1.0000000e-01
   1.0000000e-01
   1.0000000e-01
   1.0000000e-01
   1.0000000e-01
   1.0000000e-01
   1.0000000e-01
   1.0000000e-01
   1.0000000e-01
   1.0000000e-01
   1.0000000e-01
   1.0000000e-01
   1.0000000e-01
   1.0000000e-01
   1.0000000e-01
   1.0000000e-01
   1.0000000e-01
   1.0000000e-01
   1.0000000e-01
   1.0000000e-01
   1.0000000e-01
   1.0000000e-01
   1.0000000e-01
